1912
1214
1388
1535
1470
1205
1483
1409
1539
1003
1652
1623
1816
1590
1312
1846
1528
1393
1437
1843
3335
2904
3355
3403
3263
2662
3007
3241
3077
3191
3086
3211
2931
2749
3166
3084
3257
2738
2929
2887
2773
3014
3052
2909
3324
3026
2866
2786
2956
2928
2683
3025
3036
3430
847
3188
3209
3260
2733
2797
3262
3249
2790
3217
3128
3218
3006
2903
2670
3436
3161
2804
3424
2736
2821
2814
2899
3178
2930
3328
2922
3131
3276
3423
3053
3251
3372
3121
2740
3003
2902
2788
2842
3099
3305
3109
3013
3374
3200
3122
2776
2691
3270
2942
2791
3405
2682
3285
3410
3371
2713
2711
2775
2779
3091
2687
3058
3075
3259
2813
3385
2675
3138
3110
3420
2843
2835
2960
3284
3096
3399
3011
3395
3005
3149
2676
3142
2698
2921
3034
3002
3168
2907
3398
3358
3308
3309
3414
3388
3390
2953
3364
2873
2782
2785
3154
3051
3252
3224
3416
3206
2787
2730
3107
3198
3342
2753
3412
3140
2665
2871
3219
751
3164
2784
2803
3050
3186
2967
2948
3237
3323
2856
3368
2855
2837
2746
3083
3266
2957
3394
2809
3231
2858
3418
3380
3203
2720
3344
2936
3330
3027
2951
3150
2901
3272
2991
3267
3434
3132
3277
2796
3169
2863
2748
3345
3106
2992
3035
3298
2851
3268
2727
3081
2861
3283
3325
3314
2807
2817
3126
2885
3074
3055
3045
2891
3294
2677
3289
3265
3046
3179
2833
3320
3386
3019
3360
3076
3225
2844
2895
3392
3290
2798
2952
3425
3435
2993
3123
3137
2663
3139
2710
3334
3068
3370
3382
2685
3367
2870
2959
2799
3407
3141
2860
2808
3401
2852
3432
3428
2824
3246
3429
3427
2982
2935
3039
3261
3274
2894
2950
2718
3236
2722
2857
2709
2771
3254
2868
2820
3199
3208
2997
2971
3037
2704
3147
3408
3059
3095
3229
3163
3042
2978
2789
2987
3238
2924
2729
3384
2731
3010
2699
3093
3312
3032
2801
3156
3282
3030
2774
2961
2954
3015
3227
3230
3317
2882
2818
2700
3271
3331
3383
318
2341
1976
146
64
3
270
179
305
275
198
337
344
286
294
22
233
256
78
201
278
225
69
831
837
710
812
793
836
740
767
782
789
712
733
552
385
459
521
355
388
417
535
564
501
383
4029
448
841
3987
665
650
607
666
616
615
582
4031
3998
435
594
4037
4032
4025
534
530
571
393
3981
4005
4001
411
441
468
377
352
440
398
511
387
415
434
405
541
568
550
495
4008
907
1760
955
1552
1072
940
4028
504
308
339
1998
2011
2565
2248
1978
2208
2572
2379
2036
2517
2613
2167
2401
1977
2400
2456
2106
2457
2079
2527
2204
2450
2017
2432
1937
2522
2523
2479
2568
2234
2454
2221
2285
2057
2280
2313
3750
3740
3437
3966
3804
3449
3824
3707
3566
3853
3727
3723
3489
3952
3544
3809
3641
3504
3663
3769
3862
3815
3753
3597
3508
3773
3608
3763
3547
3704
3588
3922
3679
3766
3903
3932
3908
3483
3895
3539
3438
3642
3891
3852
3762
3731
3913
3586
3828
3938
3926
3902
3528
698
444
3800
3860
3858
3578
3635
3790
3514
3737
3672
3930
3379
3264
3196
3256
2999
2737
3365
3087
3020
1534
973
1837
1745
1120
1405
1725
1450
1666
1013
1226
1041
1296
1876
1366
1260
1225
1152
1815
583
576
364
447
349
443
467
371
4035
3993
4021
870
890
882
861
893
876
863
4020
646
608
575
677
577
579
584
590
4013
4023
4014
3997
4026
3995
4033
4010
4019
4024
4004
4007
4038
3999
3984
4015
852
746
361
528
425
469
445
540
424
490
846
754
848
719
748
772
807
1
53
302
242
330
254
60
106
328
164
336
153
33
114
135
321
102
147
327
35
192
182
61
244
95
309
47
253
42
205
18
155
226
77
173
32
37
167
131
8
222
268
123
63
29
220
28
115
151
41
214
184
140
103
212
172
199
291
87
120
165
163
86
241
90
338
134
219
157
264
73
139
127
284
281
156
112
292
307
76
218
181
4
196
235
14
20
144
2
301
100
71
81
340
52
335
124
11
154
96
46
191
97
283
204
194
27
132
62
263
75
121
221
202
68
298
5
101
320
10
195
217
177
300
273
228
316
215
247
183
216
310
295
66
141
288
206
16
143
510
505
4009
3996
3990
757
791
801
765
717
4011
873
867
865
884
776
744
709
792
844
705
688
695
777
701
725
3983
485
454
586
679
699
720
783
832
691
716
763
730
755
1936
2532
1960
2845
3313
3136
2758
3185
606
1049
1644
1242
1737
1721
1198
1272
1485
1305
1028
1540
1685
934
1267
1612
1717
1250
1339
1181
1004
1752
1520
1597
1365
1588
901
1992
799
732
821
3991
779
4022
790
785
813
816
742
883
875
864
869
4006
3988
892
887
811
803
823
686
840
2162
2226
2514
2548
4002
1889
1422
859
798
818
1705
1635
1655
981
1100
1345
1292
1381
1628
1019
1115
1903
1462
1279
1691
1404
1337
223
332
325
98
334
685
359
455
396
449
399
554
529
350
407
569
418
522
572
866
879
1747
1568
1601
1802
1154
1734
1164
1851
1311
1134
1089
972
1387
1372
931
1564
1499
1143
1579
1466
1176
1002
1762
1362
914
1206
1713
1252
1776
1218
1430
1556
1748
1908
1053
926
1016
1202
1268
1168
1071
1220
922
1521
905
1602
910
1301
1442
1731
1814
1264
1213
1906
1316
1887
1286
950
908
1698
1562
1151
1385
1701
1674
1626
1836
1792
1253
1854
1607
1354
1581
1657
1401
1510
1506
1178
1414
959
989
1421
1541
964
1460
1258
1265
1000
1549
1412
1208
1678
1518
1360
1825
1433
1633
1808
1526
1749
1170
1093
1022
1486
1821
1397
1616
1512
1237
1490
1169
1476
1586
1474
1704
986
1096
1145
1044
1129
1728
1190
1438
1453
1212
1094
1162
1244
1023
1364
1054
1344
1375
1653
913
1794
1525
1807
1785
1770
1738
1081
1503
941
1347
1227
1423
1104
1778
1018
1148
1475
1082
1231
1067
1611
1844
538
566
363
1320
1025
1783
1899
1680
1661
1032
1732
1273
1907
1215
1502
984
954
971
1039
958
1733
1798
1232
1223
996
1618
1910
992
903
1548
1468
938
1424
1784
1544
1069
1560
1905
1058
1386
1119
1693
1865
909
1640
1105
1696
1266
1463
1542
1285
1619
1402
1832
1458
1901
1427
596
475
563
553
492
400
524
496
515
436
560
404
1179
641
614
604
645
669
395
397
465
412
348
414
580
1001
1574
1300
1767
591
639
671
599
635
612
592
636
611
684
657
625
683
652
674
659
673
743
808
809
692
714
788
613
598
643
642
624
675
581
668
667
704
854
802
749
622
574
681
648
486
457
502
369
519
539
464
429
372
565
493
408
503
537
536
477
19
262
227
312
303
229
180
319
145
93
230
255
293
193
250
49
174
74
258
150
839
822
689
756
401
472
595
640
578
658
661
265
313
280
105
79
13
248
50
296
269
85
91
326
116
44
197
347
266
45
15
259
267
234
207
117
83
51
159
59
331
238
208
168
38
126
311
190
314
99
289
333
209
152
245
299
761
877
1743
2413
670
647
627
623
609
664
621
631
660
585
656
682
672
632
610
676
442
433
437
453
466
354
426
543
549
416
473
487
557
392
479
1695
1744
1012
1694
1080
1358
1313
446
462
491
382
406
403
427
451
556
634
480
374
544
500
376
366
353
1429
1332
1142
1660
976
1114
1692
1155
1763
930
1349
1801
1543
1492
1805
1771
1087
1646
1073
1838
915
1855
1394
1822
1700
929
1896
1055
1830
1478
1283
1884
1587
1573
1009
975
1459
1576
1636
1596
1221
1569
1338
1415
1419
2830
3346
1726
3212
2780
3041
3299
2829
3118
3111
2399
2198
2343
2294
2117
2473
2512
2463
1955
2072
2319
2250
2588
2498
2174
136
1465
2026
2062
2495
2190
2040
2492
2604
2244
2220
1971
2046
2164
2329
2275
2430
2561
2253
2559
2121
2308
2063
2407
2233
2093
2347
1985
2478
2551
2602
2409
2326
2574
531
450
358
380
478
498
386
562
384
3989
470
3985
2362
2605
1950
2427
2429
2462
2261
2506
2520
2331
2142
2037
2369
2257
2154
2056
1986
2237
2359
2468
2543
2007
2292
2289
2176
2328
2629
1577
2597
2567
2293
2053
2608
2385
1959
2134
2215
2232
2038
2138
1920
2223
2643
2071
2555
2028
2420
2052
2642
2196
2144
2241
2149
2246
2530
2099
2217
1934
2114
2595
1924
2444
2490
2426
2298
2599
1961
2519
2390
2587
2170
2048
2245
2596
1915
2156
2659
2260
2360
2316
2437
2382
2182
1967
2541
2455
2639
2447
2089
856
800
774
828
739
741
728
835
849
766
845
721
693
736
735
826
817
711
518
2358
2029
2342
2236
2349
2301
2503
2193
2066
2214
1944
2205
2496
2621
2635
2166
2113
2041
2312
2249
2375
2632
2281
2515
2263
2439
2130
2657
881
1343
1051
1515
1382
1751
1261
1108
1893
1824
1508
1406
1294
1122
1677
1374
1545
1425
962
651
1357
1881
1495
1786
1894
1911
1702
1445
1537
994
1030
1254
1775
1676
970
900
1615
1719
1063
1585
1625
1606
948
1848
1392
1850
1309
1324
1595
942
1303
919
1742
1014
1820
1871
1706
1828
1373
1204
1578
963
1667
1106
1648
1629
1493
1895
1566
1328
943
1869
1428
1575
1690
1194
1091
1710
1524
1112
1796
1571
983
1068
1457
1741
1024
1712
1101
1467
1449
1617
1128
952
1886
1185
1823
1559
1589
1827
1059
1622
1175
1662
1804
1146
1563
1079
1076
980
1554
1669
1793
1551
1238
1598
1380
1124
1323
1173
1675
993
1329
1643
1683
1819
1135
1182
1389
982
932
1040
1757
1201
1222
107
1074
968
483
897
420
1189
1872
1440
1513
1639
1791
1491
1750
1557
1390
946
1302
1416
1799
1399
1255
925
1376
1352
1191
1522
1029
1480
960
1772
1359
997
1609
1753
1735
1761
1746
1367
1613
1431
1867
1149
1659
978
1047
1407
1553
171
3205
3359
3233
3210
2768
2728
3295
3415
3160
3001
2692
3103
3273
3069
3176
2892
3018
2955
3255
2938
3307
2783
2918
2926
3057
3061
3304
3064
3033
2827
2815
3047
3040
2794
2963
2878
2876
3431
2770
3391
3120
2989
3406
3321
3038
2716
3397
3152
3049
3247
2853
3239
3297
3381
3280
3288
3258
3117
2925
3104
2862
3433
3029
3243
3220
3085
3184
2777
2896
3363
2754
2912
2905
2966
3078
2666
3195
2694
2681
2806
2940
2974
3348
2680
2985
3301
2943
2944
2986
3056
2969
2689
2867
3054
2897
3119
2743
3073
3000
2679
3417
3362
2761
2764
3245
2883
2826
2697
2735
3173
3181
3286
2823
2668
2825
3171
3326
2898
3157
2744
2766
3183
3048
2893
2884
3315
2721
3269
3180
2979
3222
2886
2684
3292
3024
2995
2732
3310
3340
3165
2840
3008
3248
2831
2747
2834
3080
3279
3422
2772
2686
3187
3189
3167
2819
2941
2962
2759
2881
2778
3113
3100
3378
2937
3347
3116
3351
3082
2742
2828
2674
3101
1110
1600
1620
1075
1523
1632
1517
1180
1570
1243
1608
1471
1610
1078
1153
1707
1868
1271
1898
1861
1688
2533
2183
2283
2327
2438
1981
2110
2295
2288
2476
2477
2655
2591
2374
2084
2300
2090
2414
2112
1943
2556
2348
2586
2507
2340
2354
2334
2103
2646
2623
2546
2615
2539
2363
2339
2122
2504
2074
2654
2469
2606
2484
2179
2147
2092
2262
2000
2412
1922
2168
2008
2350
2387
2451
2054
2125
2461
1932
2472
2002
2603
2377
2304
2652
2415
1970
2132
3601
1085
3501
3886
3677
3943
3576
3640
3488
3518
3604
3557
3527
3491
3495
3556
3452
3497
3845
3788
3498
3850
3802
3698
3868
3643
3558
3757
3821
3499
3829
3680
3464
3592
3847
3659
3537
3742
3904
3622
3747
3920
3507
3594
3517
3970
3792
3855
3834
3631
3590
3555
3614
3582
3447
3942
3600
3439
3765
3736
3540
3493
3918
3571
3957
3639
3708
3735
3626
3746
3925
3745
3959
3451
3729
3781
3885
3928
3881
3681
3478
3967
3603
3770
3634
3956
3805
3543
3946
3709
3524
3839
3565
3961
3917
3671
3823
3472
3638
3854
3975
3616
3919
3719
3648
3591
3511
3754
3652
3572
3551
3473
3567
3857
3595
3751
3916
3929
3683
3760
3755
3813
3658
3869
3569
3623
3580
3502
3864
3613
3481
3552
3533
3832
3880
3784
3896
3620
3513
3689
3963
3583
3905
3536
3461
3844
3953
3676
3944
3485
3979
3954
3775
3849
3888
3825
3661
3587
3701
3887
3520
3941
3716
3454
3630
3668
3602
3487
3660
3606
3570
3820
3646
3548
3856
3554
3964
3476
3974
3549
3441
3950
3912
3972
3761
3529
3459
3973
3581
3649
3512
3561
3450
3730
3889
3674
3617
3605
3596
3545
3962
3948
3633
3971
3440
3456
3480
3670
3779
3712
3878
3977
3899
3675
3678
3575
3453
3494
3644
3724
3846
3767
3650
3771
3894
3939
3733
3940
3726
3542
3462
3915
3752
3875
3688
3897
3444
3589
3890
3865
3816
3694
3882
3978
3621
3563
3457
3654
3687
3448
3756
3841
3625
3968
3831
3684
3873
3848
3774
3837
3653
3867
3615
3713
3778
3836
3789
3632
3664
3759
3749
3901
3791
3486
3819
3931
3568
3786
3923
3936
3685
3505
3470
3840
3496
3667
3484
3482
3553
3636
3835
3599
3455
3526
3722
3463
862
3872
3830
419
497
494
368
409
548
481
547
509
499
4003
4030
2034
2314
2023
2345
2557
617
588
619
644
573
885
886
729
2443
58
1505
1171
2693
2841
3234
3303
3221
3177
2739
3244
3215
3097
3341
2996
2116
421
4034
4018
3992
4027
855
758
833
738
734
814
842
760
752
853
694
784
838
824
773
654
633
593
895
2291
2650
2487
1956
2481
2178
2452
2524
1988
2513
2505
2076
2207
458
394
439
471
474
597
603
653
687
700
795
715
762
737
2633
2488
2644
2641
843
211
158
148
55
342
26
239
323
285
315
324
2287
2311
2258
2361
1927
2383
2391
1942
2044
2067
2160
1921
2389
806
1333
1304
1228
1141
1077
589
680
626
356
476
532
551
365
533
508
390
360
422
514
431
461
561
370
507
430
567
391
456
525
428
1192
896
1529
432
373
513
520
463
367
482
506
542
559
378
3022
3411
2914
2712
3204
3060
3170
2983
3133
3012
3389
3357
3349
3094
3092
3193
3105
3148
2696
2900
3223
3356
3343
2802
2765
3316
3102
2869
3145
2976
1758
1642
516
231
703
708
769
878
894
343
3994
2019
3986
872
857
3645
3627
3969
3906
3564
3720
3579
3705
3647
3794
3593
3833
3768
3924
3947
3810
3458
3584
3471
3503
3863
3500
3843
3738
3780
3560
3585
3598
3907
3666
3728
3629
3776
3573
3516
3710
3442
3721
3697
3651
3851
3797
3506
3532
3927
3468
3764
3612
3465
3879
3799
3690
3535
3711
3870
3955
3657
3682
3546
3796
3477
3610
3772
3665
3937
3798
3949
3817
3574
3562
3691
3715
3884
3838
527
484
517
1487
917
1774
967
1614
1195
1369
1384
1561
1236
1259
1496
1011
1035
1500
1310
1686
1355
1188
1634
1299
1139
1650
1308
918
1434
1439
999
1538
1327
1858
1727
1504
1246
957
1036
0
21
512
558
1999
2628
2618
2534
2322
2145
2211
2242
1930
2614
2230
2238
2256
2050
2459
2364
2159
2202
1968
2195
1928
2378
2660
2337
1995
2225
1914
2004
2157
2494
2636
2027
2640
2645
1991
2012
2152
2105
2357
2365
2097
2627
2016
2096
2222
2161
2075
2003
2141
2610
2566
2186
2085
2228
2129
2251
2388
1996
2470
2634
2580
2474
2158
2277
2609
2475
2436
2264
2367
2318
2416
2637
2296
2453
2403
2397
2185
2155
2330
2547
2338
2137
1994
2148
2351
2194
2315
2191
2039
2169
2102
2471
2224
2510
2511
2649
2336
2598
2111
2199
2081
2592
2135
2344
1916
2616
1940
2273
2231
2571
2535
2480
2569
1952
2274
1982
2015
2373
2146
2658
1972
1973
2346
1919
1980
2175
1987
2406
2310
1923
2525
2272
1935
2303
2213
2563
2021
2489
2005
2630
2578
2188
1938
2240
2526
1925
2579
2353
2638
2446
1984
2276
2165
2611
2324
1993
2619
2631
2201
2059
2560
2131
2521
2306
2408
2376
1963
727
3162
2947
3207
2724
3366
3016
2932
2865
2816
2690
2812
3129
2741
2945
3426
3090
3232
3387
2988
2890
3287
3396
3332
3070
3146
3373
2934
2949
2933
3318
3281
2671
3143
2980
2805
3329
3112
3375
3063
3134
2702
2707
2701
2811
2723
3300
3242
2703
3338
3159
3197
3088
3125
2792
2846
2970
2849
2781
3350
2672
3172
3377
2923
2964
2990
2795
3192
2708
2822
3043
3369
2673
2908
3202
3228
2927
3114
2981
2854
2864
2664
3004
2877
2757
3250
2810
3213
3158
3135
3194
3190
2965
2977
2874
2915
2994
3337
3144
3409
2678
3278
2968
2705
3293
2756
2919
3291
3240
2128
2247
2032
2068
1926
2384
2047
2279
2398
2302
2368
2127
2143
2133
2594
2268
2419
2203
2031
2267
2589
2325
2465
1948
2282
2516
1947
1964
2101
2617
2394
2235
1974
2612
2209
2425
1965
2107
2355
2486
2094
2320
2497
2305
2286
2335
2091
2197
2440
2120
2402
2080
1990
2269
2442
2483
2070
2181
2651
2014
2626
1957
2013
2082
2252
2421
2570
2177
2265
2466
2219
2255
2422
2441
2448
2540
2035
2126
2371
2581
2049
2411
794
827
706
787
781
697
830
819
747
805
718
2022
2065
2239
2042
2332
2333
2087
2153
1945
2180
2010
2151
2582
2372
2544
2210
2109
1946
2078
2266
2218
2601
2064
2395
2309
2172
2123
2423
2323
2098
2086
2485
2392
1983
2624
2500
2030
2573
2625
2464
2045
2184
2124
2410
1917
2069
2020
1997
2404
1962
2140
2095
1953
2386
2552
2307
1929
2460
2073
2229
2150
2482
2564
2206
2593
2088
2575
2083
1979
2216
2467
2118
2370
2590
2381
2043
2433
2108
2033
1918
2607
2299
2212
2139
2077
2136
2550
2104
2542
2271
2356
2600
2553
1989
2499
2060
1966
2200
2418
2115
2549
2278
2290
2352
2536
2055
2576
2653
2189
2058
1684
2939
3419
3115
3182
2661
2719
3201
3253
3214
3327
3275
3421
2984
3017
3353
3302
2751
213
304
345
118
261
119
252
322
40
277
161
260
129
282
317
54
36
12
306
34
137
243
89
110
279
108
251
17
94
329
297
170
109
104
186
200
341
290
130
257
88
92
57
187
346
65
178
210
166
125
162
287
160
70
138
43
6
24
80
48
128
82
67
271
188
122
203
9
56
169
113
224
236
2502
2554
2428
1941
1718
947
1156
1845
1116
1278
1519
1247
1319
1097
1297
1398
1219
1293
1532
1008
1150
1233
1249
1196
1501
1161
991
1317
1511
1193
1847
1555
1251
956
1147
1239
1853
1766
1790
1455
1174
1773
1594
1144
1140
1527
1240
1262
1531
1418
977
1885
995
1723
1160
1361
1839
1107
1331
1199
1341
921
1334
2259
906
1826
1530
1287
1290
1689
1795
1291
1714
1211
1879
1849
1456
1256
1117
1580
1637
927
1765
1026
1269
1048
1603
1516
1833
1663
1835
1888
1377
1730
1768
1800
1902
1842
1335
1172
916
1547
1184
1736
1351
1488
1006
966
1125
1668
1288
1509
1813
1584
1864
1230
1017
1782
1862
1158
1066
1875
1631
1654
1062
1043
1546
1276
1411
1852
1133
1755
1270
935
987
899
1050
1248
1031
904
998
1295
912
1756
1395
1027
920
1780
1697
1321
951
1197
1803
1866
1307
1593
1088
1165
1567
1494
1274
1806
1187
1325
1818
1038
1061
1383
1592
1363
1892
1371
1533
1137
1572
1651
1057
1558
1224
1817
1034
1084
1641
1498
1090
1670
1103
1900
1336
1672
1722
1863
1909
1045
1708
1410
1098
961
923
979
1484
1664
911
1769
1874
1346
1627
974
1781
1306
649
1435
1473
526
1217
637
1123
1754
1877
1209
1724
1481
1007
1167
1630
944
1159
1444
1241
898
1451
1489
1263
1138
1880
1787
1378
1216
1118
1452
1314
1739
1507
1681
1015
1021
1550
1257
1591
1582
1812
1870
936
1679
1464
1318
1565
1210
1284
1647
1436
1052
1699
1897
1536
423
438
555
452
488
523
402
570
357
628
2531
2243
2493
2518
2396
2793
2973
3089
3072
2715
2832
3009
2762
3319
3354
3071
2975
2667
3151
2836
3311
3322
3044
3175
2917
3155
3404
3130
3413
2752
3402
3127
3067
3333
3336
3028
3023
2717
2916
2910
2850
3108
3065
2911
2872
2913
2800
2839
2946
3098
2880
2706
2763
2920
2750
2906
3174
2669
3226
2755
3339
3400
3066
2889
2879
2972
2838
3361
2734
1656
990
2760
2725
2848
2688
3216
2847
3235
3306
3352
2714
3031
2695
2769
3153
2726
3124
3393
3376
2998
2767
2888
2745
3062
880
713
834
724
820
770
731
722
829
726
696
745
810
780
2859
860
891
868
825
804
871
888
874
3982
4016
410
489
379
602
587
638
381
362
413
460
545
546
351
375
4012
3980
889
858
149
2584
2656
2380
2562
2227
2431
2100
2051
2558
2528
1949
2622
850
753
276
232
185
142
133
30
176
72
25
272
31
39
274
84
240
175
111
237
23
246
7
189
249
600
2435
1969
2545
1933
2424
2648
2061
2620
2025
2585
2006
2583
2529
2538
2018
2009
1951
1931
1958
2297
2001
2024
2192
2284
2647
2171
3021
2875
2958
3079
3296
618
1954
2509
2187
2491
2508
2254
2445
2417
2458
2434
1939
2537
2501
2393
2449
3611
3475
3559
3492
3550
3692
3877
3609
3525
3703
3734
3702
3693
3519
3785
3806
3914
3892
3669
3958
3814
3443
3655
3777
3812
3619
3531
3530
3509
3822
3826
3714
3900
3706
3718
3951
3909
3818
3782
3866
3976
3807
3910
3783
3748
3732
3893
3739
3898
3883
3741
3695
3467
3479
3744
3523
3717
3656
3795
3700
3911
3490
3871
3628
3743
3874
3696
3960
3933
3445
3801
3515
3474
3861
3803
3965
3510
3859
3725
3607
3686
3935
3637
3934
3808
3699
3522
3541
3538
3827
3876
3921
3521
3618
3469
3460
3673
3787
3811
3662
3624
3446
3466
3945
3758
3793
3577
3842
3534
2366
1975
2317
2173
2119
662
797
778
851
690
768
771
723
815
764
759
750
702
707
796
775
786
4000
4036
2270
2163
1913
2321
2405
2577
4017
663
620
655
630
605
629
1764
1859
1432
1716
1379
1873
1298
1426
1841
1413
1583
1857
902
988
1229
1322
1315
1350
1715
1479
678
1645
1882
1514
1740
1408
1446
1095
1878
1638
1245
1400
1113
1673
601
1720
1448
1060
1235
1649
1277
1166
1099
969
933
1396
1454
1102
1020
1282
1281
1729
1682
1472
1070
1497
1831
1234
1829
939
949
1064
1443
1111
1777
1136
1469
1703
1275
965
1709
924
1109
1037
1183
1687
1671
1342
1356
1131
1482
1010
1127
1121
1840
1005
1624
1348
389
1904
1403
1883
985
1711
937
1200
1788
945
1599
1890
1326
1834
1177
1368
1797
1856
1353
1759
928
1065
1046
1417
1203
1157
1779
1860
1441
1477
1461
1186
1658
1042
1033
1340
1092
1289
1330
1605
1083
1809
1132
1810
1130
1789
1370
1207
1163
1665
1604
953
1447
1280
1056
1811
1891
1420
1391
1621
1126
1086
