1557
1819
1110
1609
1078
1230
1530
1791
1075
1867
1004
1799
1597
1752
1175
1480
1538
1810
1652
1112
1659
1123
1341
1269
1409
1305
1135
1184
1796
1483
1669
1149
1584
1017
1839
1712
1868
1809
966
1370
1402
1101
1289
1570
1124
1520
921
967
1523
1435
1365
915
1674
1785
1265
1276
1676
1069
1046
1713
1466
1865
955
1030
1368
899
1295
1394
943
1756
1853
1422
1202
1016
1476
1708
1594
1860
1808
1266
1784
1629
1493
1837
1378
963
1229
1161
1325
1866
1497
1064
1747
987
928
1678
1346
920
1321
1521
951
1077
1690
1762
1119
1133
931
1901
1372
1651
1722
1571
1774
1563
1026
1048
1528
1369
1293
1718
1863
1440
1780
1697
1560
1855
1088
918
1696
1154
1822
1693
1731
1178
1555
1825
1136
1738
1681
1830
922
1414
1065
1579
1527
914
1546
1711
1105
1386
1174
1247
1846
1664
1412
1371
1216
1533
1314
933
1406
1454
1261
1099
1824
1871
1108
1515
1303
389
1686
1152
1336
995
1485
1782
1312
1765
1460
1519
1553
1098
1511
1567
1360
1777
1013
1671
629
1091
940
1624
1259
1415
1311
1189
1667
1413
1583
1459
1292
1081
1451
898
971
1263
964
1213
1362
1798
1145
911
1103
1704
1445
1461
1852
1443
1829
1831
1743
961
1111
1045
1441
1772
1180
1201
1280
1160
1323
1580
1665
1040
1018
1166
1373
1495
1595
1324
1661
954
1706
1828
1729
1894
1893
984
1282
1032
1783
1650
1569
1428
949
1513
927
1182
1753
1675
1205
997
1359
1535
1470
932
1074
1537
1206
907
1792
1027
1586
1599
1814
1607
1096
1797
1657
1776
1038
1592
1089
1094
1481
969
1502
1170
1215
1649
901
1137
1186
1843
1477
1140
1701
1552
1298
1596
1100
1884
1257
975
1379
1190
1021
1691
1764
1286
1903
1044
1873
1432
1647
1550
1587
1082
1404
1350
1279
1655
1381
988
1322
1576
1227
902
1120
1709
944
1299
1469
1725
1231
1115
1462
1857
1728
1438
1043
1892
939
1900
972
1063
1224
1821
926
1453
950
1566
1234
1212
1910
1478
1356
1858
1627
1050
1383
1896
1270
1760
1581
1061
1872
1019
1426
1636
1129
989
1672
1525
1159
1225
1906
171
1171
1642
1726
1656
1419
1505
1666
1450
990
1758
1534
1405
58
3219
2950
3140
2828
2770
3102
3247
3252
3120
3391
3344
2793
3396
3060
2719
3280
3347
3288
3355
3406
2716
3082
2742
2753
3320
3261
3039
3015
3028
3030
2842
3083
2903
3190
2884
3428
2692
2714
3173
3197
3186
2831
3418
3242
2826
2764
2818
2752
3230
3227
3133
2889
3283
2834
3013
3058
3329
3305
3375
3317
3094
3349
3144
3249
2954
2808
2930
3405
2745
2841
2881
2672
2701
2684
3117
2946
2866
3331
3192
3328
2836
2667
2968
2938
2709
2847
3237
3290
2703
3325
3423
2670
3314
2699
3208
3193
2870
3153
2972
2837
2677
3067
3218
3404
2700
3361
2963
3057
2902
2776
3008
2879
3141
2804
3266
2685
3069
3068
2957
3210
3134
2767
3300
3200
3354
3122
2861
3251
3323
2691
3367
3024
2695
2798
3092
2961
3176
2779
3103
3410
3241
3420
3292
2791
2723
2900
2998
2952
2948
2821
3282
2933
2983
2805
2856
860
3124
3187
3167
3156
3236
3401
2790
2801
2816
2918
2744
3075
3002
3421
3093
3272
3148
3225
3378
3145
3422
3111
3306
3112
3199
2757
3195
2872
2920
3004
2906
3026
2666
2913
3108
3064
3022
2800
2944
2943
2880
2897
2810
2945
2743
2974
2925
3149
3302
2914
3385
3165
2883
3408
2726
2731
3231
2840
3377
3281
3209
3279
3221
3287
3259
3369
3032
3115
3113
2781
2778
3411
3076
2751
3345
2989
3224
3106
2973
2970
3419
2853
2780
3365
3136
2894
2876
3079
2823
2708
2891
3303
2953
3016
3307
3048
2982
3427
3338
2682
3388
3138
3211
3430
2887
2729
2931
2924
3050
2980
3070
2765
3265
2904
3152
3172
3291
2267
136
2144
2398
2436
2053
2028
2629
2461
2338
2128
2567
2196
2194
2315
1994
2609
2293
2642
2325
2155
2529
2494
1991
2337
1998
2004
1931
2025
1972
1973
2018
1968
2633
2061
1980
2648
2364
2640
2116
2496
1949
2070
2017
2565
2204
2360
1933
2245
2281
2321
2156
2023
1990
2503
2286
2580
2421
2517
2569
2545
2470
1930
2403
2497
2314
2173
2397
2236
2085
2566
2651
2181
2455
2570
2515
2527
2238
1982
2168
2207
1967
2270
1957
2346
2097
2585
2660
1951
2657
2620
1958
2647
2024
2645
2022
2158
2256
2634
2439
2490
1913
2635
2544
2572
2221
2652
1981
2415
2316
2505
2178
2442
2528
2051
2656
2456
2119
2114
1952
2622
2255
2301
2219
2312
1924
2481
2291
2454
2427
2167
2426
2320
1988
2486
2044
2584
2147
2214
2318
2031
2211
2126
2231
2205
2177
2432
2603
2480
2317
2628
2242
2029
2399
2368
1954
2475
2010
2343
2294
1916
2582
2241
2511
2319
1959
2148
1940
2502
2445
2537
2473
2417
2232
1926
2068
2246
2419
2203
1807
1699
1366
1634
1221
1060
1067
1421
1897
1039
1775
673
652
610
587
586
646
590
594
663
644
620
684
633
616
650
615
583
600
632
665
662
628
681
627
658
661
643
640
593
4016
4012
3991
3983
3993
4032
3874
3657
3570
3688
3537
3889
3703
3705
3672
3804
3462
3782
3534
3463
3826
3794
13
113
272
188
26
200
119
3830
3437
280
324
105
132
222
129
201
140
94
302
124
295
273
73
335
316
292
294
42
279
133
263
106
91
317
27
274
165
63
143
175
174
152
264
259
33
183
139
215
228
193
29
300
235
333
121
184
127
108
159
197
284
251
320
312
226
43
15
190
237
81
210
96
249
101
89
23
48
241
216
12
328
97
275
157
112
250
52
220
167
262
166
153
44
45
28
326
54
146
792
797
688
723
801
740
732
822
761
775
767
782
850
691
712
841
785
768
725
722
695
3969
3790
3852
3497
3576
3627
3788
3507
3754
3708
3899
3447
3898
3669
3700
3588
3575
3717
3813
3613
3516
3883
3523
3639
3695
3847
3477
3798
3751
3767
3444
3522
3801
3729
3746
3859
3974
3770
3675
3747
3967
3696
3776
3478
3742
3531
3894
3561
3614
3937
3628
3487
3965
3875
3457
3908
3511
3690
3583
3803
3906
3555
3773
3563
3656
3517
3796
3918
3866
3468
3535
3829
3712
3564
3895
3955
3691
3970
3795
3591
3569
3509
3718
3584
3558
3459
3761
3529
3486
3822
3659
3942
3977
3644
3617
3499
545
394
471
442
368
527
542
408
419
392
559
417
497
514
373
496
639
1536
968
1710
1218
1157
1253
1162
1818
1364
1055
1887
1870
948
1773
1660
1490
1788
905
1424
1646
1430
1755
1838
1252
1194
1196
1885
1397
1300
1778
1237
1473
420
348
517
538
414
475
483
376
363
566
1080
1113
1766
1313
1425
484
1692
1820
1751
1020
1102
1281
1245
919
1582
1396
1848
1066
1309
1382
1907
1565
1332
1155
1645
1374
1545
1114
1320
1882
1673
1318
1012
1070
1427
1429
637
2606
2506
2392
1963
2504
1929
2404
2290
2381
1979
1946
2607
2233
2619
2165
2276
2625
2139
2340
2005
2356
2244
2615
2492
2271
2638
2418
1997
2261
2469
2083
2300
2429
2550
1912
2347
1925
1918
2323
2507
2030
2043
2354
2150
2093
2218
2104
2253
2521
2408
2108
2495
2489
2446
2394
1577
2224
2643
2153
2111
2054
2555
2282
2333
2081
2161
2438
2132
2235
1939
2599
2524
2287
2476
2576
2013
2378
2171
1995
2157
2538
2447
2459
1928
1934
2402
2373
2350
1996
2163
2605
2541
2413
2400
2596
1937
2269
2262
2513
2034
2522
2015
2079
2444
1992
2100
2041
2558
2632
2217
1950
2251
2358
2614
2441
2380
2342
2618
2411
2610
2514
2637
1942
2019
2288
2067
2387
2449
2056
2579
2210
2407
1953
2306
2434
2616
2102
2377
2501
2259
2264
2117
2199
2180
2283
2026
1540
906
1688
1049
1620
1600
1086
1789
1107
1399
1736
1603
947
1590
1391
1559
1516
1491
1467
1047
1191
1272
1334
1757
1130
1003
1683
2143
2512
1970
2310
2145
1978
2248
1936
2175
2141
1987
2202
2001
2009
2027
2636
2284
2006
2627
2639
2192
1927
2365
2159
2435
1914
1956
2487
2535
1974
2265
2182
2195
2483
2595
2105
2424
2106
1915
2493
2094
1961
2230
2227
2658
1935
2626
2012
2295
2000
2197
2488
2448
2091
2335
2050
2612
2406
2160
2130
2272
2066
2016
2099
2014
2096
2357
2297
1960
2440
2228
2162
2540
2383
2341
2523
2298
1922
2021
2613
2425
1923
2453
2296
2641
1944
2209
2557
2416
2362
2587
2035
2089
2562
1965
2466
2349
2076
2650
2008
2120
2129
2361
2366
2186
2277
2082
1975
2305
2474
2525
2401
2166
2437
1977
2450
2249
2152
2146
2405
2170
2519
2355
2389
1999
2531
2048
2260
2577
2412
2452
2011
2581
2107
2185
2036
2371
2322
2313
2049
2534
2644
2571
2379
2367
2101
2327
2458
2239
2547
2302
2533
2039
2138
2491
2451
2072
1955
2617
1947
2328
2509
2304
2213
2299
2499
2216
2646
2086
2131
2123
2590
2624
1983
2142
2586
2374
2414
2560
2500
2655
2376
2339
2200
2037
2369
2078
2464
2324
2410
2600
2257
2484
2549
2121
2212
2654
2552
2164
3335
3185
3179
2875
3350
2987
2844
2665
3107
2921
2813
2784
2898
2771
3383
2851
2807
3010
2888
2760
3205
3222
2941
2725
3245
3074
2792
3286
3213
3023
2746
3394
3080
3275
2735
2739
2830
3061
2999
2934
2710
3372
3180
2736
2721
2962
2814
3175
2971
3121
2774
2975
3091
3273
2892
3207
3077
3322
2959
3159
2775
2995
3269
2886
3128
3105
3143
3392
3436
3336
3425
2949
2935
2733
2908
2673
3202
3234
3298
3046
2696
2868
3109
3042
2852
2734
3081
2789
3181
3294
2704
2824
3178
2860
3398
3003
3382
3311
3309
2822
3157
3424
3389
2690
3368
2923
3318
2727
3268
3127
3063
3407
3260
3263
3154
2832
2984
2662
2720
2937
3332
3351
2674
2796
2992
3027
3182
3017
2936
3240
3386
606
428
1068
1832
1285
983
1436
1529
1109
1011
1226
1217
1684
2901
2863
3296
3150
3330
3101
3116
3034
3038
3051
3198
2869
3297
3169
3049
3201
2833
3132
2849
3035
3434
2661
3397
3267
3206
3258
3188
2785
3146
3239
3416
3316
3171
3086
3018
2947
2737
3177
2675
3189
3395
2772
3346
3062
3379
3342
3203
3233
2724
2825
2713
3380
2747
2722
3163
3238
3257
3220
3056
2986
2777
2916
3226
2815
2978
2878
3151
2859
2693
3414
2981
3271
3254
3308
3045
3059
2817
3130
3161
3012
2997
2671
2942
3155
3194
2761
3129
2705
3304
2711
3285
2768
2812
2715
3248
2707
3037
2769
2882
2857
2917
3371
3223
3429
3006
2802
2788
3244
3110
2858
3276
3373
3400
3384
3399
3040
2698
3047
2905
3142
2877
3096
3348
2755
2966
3363
2839
2960
2669
2689
2867
3065
2717
3250
2850
3228
3255
2762
3011
3262
2797
2687
2846
3041
3007
3333
3125
3071
2895
3217
2740
2990
2838
3334
3370
3147
3031
3413
2766
3270
2759
2893
3246
3358
3315
3066
3044
3099
2885
2697
2820
3310
3139
3326
2803
3170
3431
3215
2958
2819
3118
2783
3196
3087
3264
2955
2843
2718
3409
2977
2929
3364
2663
3229
3393
3340
3357
2741
3293
2738
3362
2786
2862
2919
2896
3324
3036
3135
3166
2985
2827
3387
3174
3098
2676
2912
3184
2940
2910
3085
3284
3033
2969
2864
2664
2782
3052
3114
2873
3123
2809
3095
2794
2907
3043
3352
3402
3376
2926
3319
2967
2854
2865
3160
3089
3212
2811
3235
3356
2848
3009
2964
3278
2678
3164
3216
2922
3374
2795
2855
3183
2899
2979
3343
3289
3312
2799
3053
3126
3055
2965
3432
3131
2732
2688
3390
3088
2712
2932
2686
3337
2702
3366
3253
3005
3274
3403
3313
3341
2996
2668
2681
3020
3014
2773
3084
2679
3029
3243
2874
3025
3158
2993
2994
3435
3090
2909
3054
2750
3339
3078
3000
3232
2956
3417
2756
2683
3119
2988
3104
2835
2749
2680
2763
2706
2806
2890
3073
3433
2915
2754
913
1487
1357
1095
1881
1380
1375
1643
1029
1685
1361
1153
1816
1623
1181
1721
1079
897
959
1327
981
1715
1347
1235
1345
1628
1573
957
1423
1148
1720
1611
1862
1841
1015
1009
1859
1246
1085
1472
1275
1504
1444
1051
1167
1507
1296
1121
1541
1815
1904
1869
1418
1258
1355
1308
1131
1037
1338
1781
1489
941
0
994
1407
1393
1864
1554
1835
1376
1612
1339
1198
1539
1632
952
1735
934
999
1737
1750
1329
916
1617
1845
1211
1761
1128
1823
1622
1800
1746
1471
1367
1250
1028
2062
2594
2344
2047
982
1899
452
548
361
491
359
519
502
390
458
450
467
384
382
529
429
508
459
464
485
357
457
534
406
469
3980
3986
3999
871
895
858
869
883
866
859
867
4037
4030
4014
4019
4015
501
393
4024
533
516
549
512
399
454
476
474
555
354
531
546
434
427
425
570
360
523
683
770
777
693
848
810
706
835
753
736
778
711
762
772
709
837
838
826
789
846
854
692
746
844
721
814
3756
3831
3495
3851
3943
3674
3962
3750
3884
3533
3609
3741
3721
3692
3797
3948
3722
857
3606
3515
3865
3777
3668
3445
3917
3541
3743
3441
3748
3467
3502
3880
3723
3476
3960
3637
3809
3641
3923
3774
3849
3939
3819
3595
3453
3551
3543
3978
3953
3959
3532
3689
3619
3862
3780
3940
3724
3853
3454
3538
3739
3922
3854
3793
3758
3838
3542
3518
3913
3836
3654
3578
3635
3779
3941
3508
3848
3799
3678
3549
3660
3897
3910
3439
3716
3882
3775
3846
3572
3807
3638
3805
3871
3610
3979
3772
3699
3929
3771
3585
3489
3650
3582
3676
3686
3681
3964
3438
3642
3450
3528
3966
3800
3944
3725
3791
3715
3815
3498
3710
3802
3597
3876
3666
3492
3598
3482
3840
3825
3671
3924
3833
3900
3909
3821
3599
3527
3930
3828
3491
3785
3452
3824
3702
3855
3648
3643
3620
3958
3631
3493
3544
3792
3694
3935
3933
3587
3500
3920
3976
3951
3870
3768
3764
3711
3680
3458
3886
3651
3485
3732
3766
3916
3932
3548
3820
3925
3600
3665
3652
3513
3934
3607
3554
3661
3559
3731
3858
3926
3658
3891
3730
3557
3611
3586
3449
3734
3501
3456
3633
3577
3540
3440
3952
3808
3928
3622
3878
3536
3547
3896
3784
3973
3931
3483
3763
3713
3608
3590
3888
3872
3885
3565
3738
3869
3735
3867
3749
3879
3901
3510
3525
3589
3892
3823
3881
3473
3566
3834
3972
3956
3752
3709
3946
3781
3647
3655
3451
3817
3471
3475
3573
3593
3460
3921
3835
3550
3484
3618
3520
3827
3950
3844
3632
3567
3912
3868
3963
3580
3954
3664
3616
3465
3579
3571
3949
3682
3814
3704
3727
3707
3812
3857
3653
3745
3673
3530
3494
3524
3945
3514
3684
3968
3842
3625
3873
3604
3697
3480
3927
3612
3902
3488
3605
3687
3860
3971
3448
3841
3677
3596
3938
3737
3640
3762
3490
3753
3907
3740
3728
3629
3553
3698
3936
3621
3719
3646
3903
3818
3446
3662
3783
3861
3512
3479
3765
3670
3832
3816
3890
3904
3505
3778
3481
3649
3594
3919
3787
3811
3914
3615
3503
3603
3626
3701
3720
3856
3887
3975
3757
3519
3789
3546
3443
3706
3714
3526
3736
3624
3915
3466
3464
3469
3474
3733
3839
3560
3744
3864
3574
3683
3552
3911
3893
3667
3760
3769
3850
3470
3472
862
3556
3592
3496
3843
3562
3957
3755
3726
3806
3461
3645
3601
3679
3863
3905
3504
3539
3961
3581
3759
3837
3634
3630
3602
3685
3663
3623
3786
3810
3845
3506
698
3877
297
323
271
98
239
342
67
21
56
285
238
217
80
204
55
85
315
170
75
298
169
304
334
134
118
66
59
212
329
40
232
141
72
231
158
198
34
173
488
556
421
510
449
543
554
509
441
413
397
416
422
367
355
396
445
365
550
383
433
372
498
351
540
448
453
541
369
468
358
443
350
518
564
356
437
568
530
562
466
380
486
495
349
385
535
537
493
494
500
391
561
461
513
436
525
431
544
676
439
402
460
604
645
679
31
738
720
730
809
787
757
755
799
855
743
742
689
802
735
717
715
818
803
817
769
816
813
714
704
839
741
807
819
708
728
820
156
634
609
558
370
446
432
444
487
506
456
521
403
532
478
447
572
499
401
377
522
511
387
504
3947
265
223
211
313
276
122
25
438
388
465
412
503
479
404
551
505
424
470
371
571
410
490
536
462
451
528
418
386
364
4013
4031
4004
3996
3985
4022
4005
3989
4011
624
599
675
659
582
577
647
3990
4034
4002
539
411
472
407
426
405
435
477
480
552
569
455
565
362
481
547
489
840
747
828
856
3568
3693
291
322
213
332
325
261
82
331
172
186
161
345
4029
4007
4001
3994
4010
4036
4025
3987
4028
379
375
352
381
440
398
409
199
9
1
248
142
104
780
790
793
707
744
852
851
788
699
786
836
733
734
756
630
635
656
668
578
595
619
654
579
664
678
631
4009
4003
3998
4027
3997
4008
3984
3992
882
893
876
874
887
892
877
870
881
875
889
886
872
894
879
880
890
863
868
891
884
865
861
878
888
885
873
864
4023
3988
3981
4017
584
655
618
653
685
621
585
574
638
605
666
597
626
4026
667
674
613
607
648
642
623
622
575
612
677
592
4020
4035
4006
4018
3982
4000
4038
3995
4021
4033
625
603
611
581
608
588
636
617
672
682
680
598
573
589
670
602
660
657
576
671
827
705
697
830
805
752
694
845
763
781
779
690
771
842
700
794
833
749
832
808
750
765
843
796
811
804
821
751
726
760
718
731
834
766
774
687
716
831
737
815
829
847
748
849
3636
3521
3455
3442
724
696
773
701
745
824
823
800
713
853
784
791
702
806
812
710
727
719
759
825
776
729
798
795
783
758
754
739
764
703
686
3545
88
221
84
336
293
209
240
47
164
49
76
258
114
229
50
189
100
269
340
301
145
205
18
347
77
36
327
35
256
267
247
68
196
242
266
296
93
46
102
321
225
4
195
110
227
51
61
230
64
14
130
290
103
339
99
131
181
306
278
32
138
70
218
78
245
38
219
287
11
286
260
160
307
268
314
179
180
92
65
74
202
10
214
116
343
255
37
178
24
53
150
318
87
246
7
123
346
62
3
39
60
30
303
341
187
254
299
194
155
135
17
270
288
208
83
6
207
234
344
71
281
253
289
111
338
69
90
126
308
182
154
163
191
330
5
224
236
257
86
309
151
144
115
20
337
8
282
283
206
305
149
311
19
41
137
2
243
57
177
233
319
310
147
192
162
244
16
168
22
95
117
120
125
148
79
185
109
252
277
203
128
176
415
482
463
557
515
374
395
553
507
473
520
567
560
430
596
1192
1680
1679
976
1349
1122
1514
1179
1740
1492
1767
1694
1543
1455
1801
1625
1464
1294
1210
1574
651
641
1358
1104
1448
1716
1036
1526
1670
1268
1531
1042
1007
1057
1053
1326
1147
1203
1177
979
1176
909
1759
1385
958
1468
1895
1890
1558
1588
1834
1548
1733
938
1787
1847
1482
1348
1496
1041
1304
1518
991
1087
996
1008
945
912
1031
1510
1641
1071
1499
1779
1283
1498
1116
1249
1748
1640
1474
1417
1395
1193
1165
1618
1844
366
353
580
1616
1744
1606
1677
936
1654
1400
962
1408
1878
1142
1631
930
1446
601
1770
1310
1035
1384
923
1228
1000
1840
977
1169
929
1564
1585
1062
1503
1739
1316
1241
986
1856
1749
1411
1905
1387
1097
1880
1601
1118
1319
1561
973
1317
1353
910
1854
1615
900
908
1144
1544
1909
1702
1705
1745
1626
1911
1337
1614
1195
1638
1143
1805
1883
935
1034
1138
1486
904
1297
974
1090
1141
1134
1549
1578
1479
1315
1591
1052
965
1517
1723
1630
1851
1278
1644
1242
993
1377
1730
1768
1117
1172
1291
1488
1132
1879
1551
1613
1637
1689
1331
1222
1861
1054
2353
925
1416
1344
1724
1209
1524
1771
1484
1197
1769
1251
1403
1056
1734
1811
1389
1002
937
1506
1023
1264
1248
1084
1220
1874
1439
1532
1340
1653
1877
1795
1290
1891
1243
1608
1827
1390
1522
1509
1255
1662
1793
1267
1185
1059
1420
107
1352
980
1813
978
1605
1271
1456
1083
1898
1214
1842
1330
1902
526
2149
2518
2042
2052
1948
2649
2471
2250
2420
2137
2608
1964
2285
2134
2189
1941
1985
2551
2542
1971
2308
2363
2460
2482
2395
1943
2467
2103
2184
1938
2206
2630
2220
2045
2423
2593
2033
2190
2309
2601
2370
2073
2020
2188
2201
2074
2115
1989
2575
1986
2084
2553
2124
2602
1984
2275
2229
2240
2409
2122
2307
2179
2556
1966
2574
2532
2591
2311
2478
2136
2098
2278
2090
1962
2172
1917
2154
2352
2520
2060
2055
2329
2485
2140
2109
2631
2059
2428
2430
2077
2477
2234
2092
2393
2443
2080
2193
2568
2252
1969
2382
2274
2222
2479
2075
2243
2280
2003
2390
2110
2396
2254
2038
2289
2133
2268
2498
2176
2151
2463
2087
2191
1945
2187
2598
2510
2032
2247
2071
2351
1465
1920
2597
2183
563
3214
2976
3353
3299
2951
3360
3321
2748
2991
3381
3204
3277
2939
3021
2694
2928
2927
3426
2911
3301
3137
3327
3072
2871
2758
3100
3412
3168
3295
2728
3162
3019
3415
2829
3001
2845
3359
3191
3256
2730
2787
3097
1025
1398
1223
1908
1208
1200
1240
1817
1802
1333
1648
1452
1232
1568
903
992
1727
1001
423
400
524
378
669
591
614
492
1437
1542
1351
1219
1703
1876
1183
917
1794
1790
1475
896
1277
1204
1786
1742
1014
1158
1812
1732
942
1273
1850
1508
1763
1695
1512
1875
1392
1682
1284
924
1139
1687
1433
1151
985
1262
998
1442
1401
1058
1033
1719
1410
1803
970
1274
956
1501
1150
1022
1572
1287
1717
1076
1006
1302
1886
1449
2543
2623
2064
2559
2112
2069
2348
2578
2573
2046
2095
2564
2611
2266
2604
2088
2331
2118
2561
2539
2040
1993
2526
2468
2334
2007
1932
2592
2332
2516
2127
2508
2530
2208
2065
2226
2345
2303
2391
2583
1976
2225
2659
1919
1921
2457
2375
2621
2388
2113
2548
2422
2263
2431
2057
2258
2198
2588
2125
2223
2336
2384
2292
2279
2135
2273
2002
2169
2174
2589
2330
2653
2372
2215
2385
2465
2472
2058
2063
2462
2237
2546
2563
2433
2386
2326
2359
2536
2554
1164
1754
1836
649
1575
1072
1168
1698
1458
1236
1633
1500
1635
1343
1092
1188
1260
1010
1127
1306
1244
1106
1363
1700
1463
1005
1658
1562
1889
1593
1328
1187
1806
1307
1494
1354
1093
1301
1434
1233
1602
1239
1073
1342
1254
1556
1207
1457
1288
1163
1668
1024
960
1804
1663
1589
946
1621
1714
1431
1888
1199
1833
1126
1610
1707
1335
1849
1619
1741
1156
1826
1598
1146
1256
1173
953
1238
1388
1639
1447
1604
1125
1547
