2347
1352
1813
1376
916
1312
1182
1590
1076
1184
1750
1004
1721
1351
1810
1235
1204
1192
1322
1413
1583
1426
1009
1044
649
1008
929
1065
1599
1264
1693
1556
998
1856
1220
1792
1658
910
1788
1069
1808
1858
937
1869
1633
1319
1452
992
1601
1880
923
1098
990
1227
1041
1588
2287
2136
2161
2432
2235
2003
4014
3997
4033
4010
3995
3998
4034
4004
4029
881
1982
2496
2281
2487
2442
2400
2523
2015
2263
2558
2113
2528
1967
2177
2019
1942
2355
2312
2389
2192
2648
2647
2657
2639
2658
2202
2022
1972
2058
1960
2449
2387
2056
2390
3464
224
329
223
73
39
331
148
306
144
130
257
88
341
145
16
4
336
804
837
756
843
846
693
706
694
688
48
810
778
731
781
827
842
814
844
724
772
718
800
698
516
457
352
401
478
365
539
371
4027
640
646
664
589
663
449
480
350
534
362
426
463
367
556
434
604
423
471
2145
2603
2501
2274
2110
2132
1923
1970
2537
2026
2183
2458
2617
1577
2266
2542
2109
2549
2460
2573
2561
2020
1984
2329
2606
2499
2532
2467
2261
2179
708
1931
828
820
2406
2214
1987
2027
840
2231
2566
2085
2296
2209
2612
2310
2272
2378
2025
2006
2021
2311
2048
2014
2470
2373
2034
2106
1969
2569
1950
2321
1992
1956
2565
2454
2295
3982
878
4002
1631
1116
1407
1074
1845
1393
1861
1269
1230
1554
921
1026
934
1467
1753
980
978
1287
1723
1092
1843
1437
1702
1863
1458
1687
528
425
451
543
435
468
529
368
509
467
532
454
411
476
892
602
638
577
661
624
643
658
670
659
626
575
2156
2524
1934
2245
2595
2431
2094
2265
2466
2051
2041
2380
2251
2388
2441
2621
2439
2541
1996
2316
3992
4021
3990
3984
4016
2481
4007
4037
3994
702
574
2622
2476
2227
2535
2076
2505
1949
2587
2120
2130
2023
2397
2371
2342
2197
2456
2626
2050
2182
2651
2168
2079
2634
2158
2517
2514
2288
2383
2207
2519
2155
2401
3988
4032
4005
3996
3989
4008
585
4022
4024
4026
4018
4017
3980
782
855
704
808
721
699
734
701
732
746
385
392
465
374
3437
369
3611
3586
3514
3832
3627
3730
3563
3463
3913
3518
3902
3702
3824
3703
3490
3659
3872
3440
3681
3889
3625
3804
3860
3542
3838
3495
3886
3609
3677
3684
3556
862
3550
3721
3697
3736
3594
3644
3904
3493
3855
3660
3699
3603
3944
3978
3780
3712
3894
3878
3979
3622
3917
3767
3623
3648
3896
3515
3452
3559
3557
3645
3815
3571
3579
3957
3708
3566
3876
3974
3946
3952
3732
3489
3607
3776
3757
3675
3774
3825
3683
3599
3568
3593
3763
3895
3499
3534
3558
3620
3524
3689
3585
3503
3928
3807
3958
3619
3548
3678
3949
3762
3866
3667
3500
3478
3964
3809
3766
3965
3775
3583
3466
3632
3508
3747
3719
3642
3884
3484
3773
3862
3588
3614
3772
3781
3814
3812
3798
3892
3652
3600
3844
3771
3727
3959
3853
3626
3856
3676
3704
3688
3742
3666
3823
3483
3777
3587
3476
3874
3572
3811
3879
3638
3664
3863
3520
3871
3939
3813
3578
3577
3756
3449
3604
3790
3693
3491
3973
3755
3765
3467
3744
3932
3787
3510
3956
3782
3471
3731
3576
3674
3734
3971
3488
3672
3768
3841
3926
3497
3728
3608
3629
3710
3505
3482
3936
3663
3865
3819
3473
3857
3941
3462
3646
3459
3561
3592
3455
3685
3977
3715
3778
3802
3951
3509
3810
3458
3906
3900
3486
3931
3479
3835
3753
3553
3713
3722
3915
3726
3808
3554
3529
3761
3758
3945
3540
3877
3943
3501
3545
3938
3480
199
13
104
111
149
126
195
93
344
190
154
166
114
233
12
33
292
177
273
46
155
311
240
310
218
121
152
328
108
127
204
242
302
194
135
281
6
3
283
100
124
193
215
70
15
97
202
32
153
95
191
335
183
241
43
86
125
212
31
214
325
20
208
339
105
189
150
163
85
133
345
288
44
237
230
316
77
274
294
35
36
29
164
196
69
251
234
264
90
284
300
243
287
87
207
229
318
63
123
160
167
270
245
2291
2255
2016
1958
2585
2097
2635
4000
4031
3987
354
403
571
429
477
564
518
913
1593
1187
1806
1511
1561
1327
1533
1542
1278
799
707
689
590
600
628
582
621
594
2660
2502
2163
2652
2075
2101
2396
2438
2317
2160
2473
2417
2039
2592
2273
2176
2282
2053
2385
2372
2187
2643
2336
2042
2472
2465
2191
2137
2028
2333
2196
2555
2279
1959
2215
2327
2608
213
67
119
227
102
94
51
99
334
239
315
322
203
169
2393
2391
2353
1925
2165
2172
2586
1962
2374
1917
2485
2462
2128
1941
2420
2332
2516
2338
2063
3258
3342
2951
2989
3051
1684
419
412
570
387
460
360
390
723
768
766
848
770
845
764
797
740
775
1365
939
1138
1562
914
1034
1510
1840
1244
1310
1228
977
1850
629
648
173
101
23
68
330
346
309
340
38
37
205
253
255
307
96
139
250
206
106
259
92
249
266
180
301
129
47
209
321
59
118
159
41
17
262
278
156
228
327
295
157
78
91
5
14
343
112
19
303
103
323
9
53
2554
2331
2409
2446
2154
2563
2550
2939
2992
3351
3116
2787
3204
3113
2781
2683
3417
2890
1217
1366
1634
1472
1630
1807
1655
954
1166
896
1487
1189
1897
1536
601
1405
1758
1193
1360
1293
1836
1764
1873
1423
957
1451
971
1503
1089
1672
1781
1903
1667
1311
1308
1575
1239
1853
1696
1814
1147
1194
1411
1560
1254
909
950
1521
1490
1403
1224
1755
1657
1386
1834
1762
1064
1499
1424
1232
1371
1567
3531
3920
3919
3847
3522
3610
3916
3908
3816
3511
3706
3569
3541
622
631
2186
2453
2525
2637
2557
2425
1965
2448
2018
2089
856
824
777
748
758
786
822
744
851
709
790
672
4019
4038
4012
4001
2421
2437
2270
2219
2375
2238
2012
885
895
806
692
769
729
733
738
751
816
717
710
791
812
737
760
696
703
849
584
3390
2756
2717
3250
3009
3049
3115
3416
3102
2687
2803
3337
3189
3331
3024
2737
3415
3018
3221
3422
2725
3383
3326
3151
3423
3409
2965
3340
2795
2735
2805
2837
3236
3061
2710
2987
3163
3039
3092
2876
2704
2826
2821
3164
2964
2697
3388
3175
2995
3093
2788
2714
3044
3249
3045
3008
3314
3235
3192
2744
3374
2727
3131
3307
3404
2888
3028
2980
3059
2963
2971
3074
3153
2842
3290
3286
3376
3358
3336
3382
3309
3311
2670
3159
3128
3431
2967
2706
3220
3158
2729
3400
2715
3378
3267
2719
3280
2875
2894
2778
3206
3265
3209
2701
3079
3179
2718
3259
2990
2713
2892
3171
3103
3100
2865
1505
1666
3301
2759
3042
3095
3392
3306
3272
3261
3172
2672
2999
3032
3194
2846
3157
2771
2854
2919
2763
2880
3174
2916
3040
2832
2686
3369
2955
3007
2845
3186
2733
2796
2950
3188
3297
3419
2674
3169
2970
3141
3063
3436
2856
2942
3099
3308
2740
3181
3202
3281
3003
3429
2819
3327
3199
2770
1171
1635
1315
1190
1379
1459
0
40
324
172
170
261
332
64
50
304
342
146
217
30
232
271
25
297
21
200
252
142
186
236
290
272
277
26
161
109
55
265
82
269
187
24
338
314
260
1
80
141
176
755
719
807
835
2092
2479
2280
2518
2304
2544
2571
2116
2004
2529
2583
2645
2011
2633
2620
2185
2226
1930
2277
2066
2029
2548
2146
2107
2126
1990
2474
2205
2379
2644
2314
2305
2193
1978
2345
1940
2174
2038
1926
2054
1947
2294
1954
2368
2530
2134
2344
1916
2151
2582
2010
2343
2536
484
353
1374
1320
1692
1155
1332
1012
1625
1113
1882
1358
1645
1122
537
481
1964
2322
3829
3752
3589
3694
3447
3954
3849
3859
3897
3598
3846
3661
3444
3801
3792
3582
3709
3729
3537
3882
3637
3914
3671
3657
3942
3883
3891
3475
3845
3590
3909
3507
3935
3581
3461
3925
3890
3477
3543
3665
3439
3922
3885
3834
3748
3888
3536
3624
3580
3546
3960
3655
3691
3454
3947
3833
3591
3641
3967
3513
3963
3504
3453
3544
3820
3751
3530
3673
3940
3910
3650
3451
3686
3779
3737
3528
3852
3640
3647
3836
3573
3446
3955
3827
3970
3567
3631
3551
3880
3496
3749
857
3903
3457
3613
3898
3662
3523
3864
3533
3517
3692
3750
3525
3633
3948
3830
3612
3837
3635
3669
3873
3656
3639
3539
3438
3679
3929
3912
3494
3570
3839
3911
3595
3538
3893
3564
3465
3470
3735
3705
3822
3803
3597
3658
3506
3602
3907
3519
3701
3549
3933
3700
3723
3843
3707
3785
3923
3512
3788
3450
3574
3695
3481
3552
3717
3746
3733
3739
3487
3492
3547
3628
3725
3806
3840
3472
3521
1469
1348
1011
1247
1743
1513
1710
1748
1170
1489
829
787
763
836
741
780
705
853
695
722
727
803
686
819
830
805
823
774
817
745
752
815
847
838
714
673
632
679
636
667
674
681
660
682
655
583
662
599
647
652
593
668
613
650
863
437
383
572
498
424
4035
3983
2452
2178
2457
2217
2099
2402
2341
2350
2080
2175
3791
3831
3687
3858
3930
3966
3605
3448
3596
3800
3456
3651
3962
3968
3842
3851
3797
3741
1720
1436
1427
641
2468
1117
1530
2399
2002
2264
3274
1323
1891
967
1048
1819
1683
1539
947
1128
1632
1267
946
1799
1827
993
1329
1522
1456
1761
1584
1520
1420
1107
1816
1597
1047
1685
1669
1793
1823
1603
1621
1431
1377
1730
1888
1610
1559
1752
1416
1390
1557
107
1835
1768
1800
1867
1242
1250
1149
1289
1623
1725
1051
1412
1534
3296
2914
2748
2498
2267
2117
2629
2292
2533
2597
1465
2135
2475
2471
2072
2510
2491
2138
2325
2616
2203
2143
2068
2451
2394
1939
2538
2009
2001
2000
873
886
903
963
1837
1097
1892
1527
1063
1477
1911
1860
1016
1889
1817
1501
1884
1862
1550
1286
1822
1700
951
1883
1151
1463
972
1546
935
1704
1708
1091
1180
1280
1359
1470
1389
1734
1409
2376
2564
2600
2244
1971
2546
2433
2410
2381
2615
2607
2559
1979
2323
2275
2638
1918
2059
2551
2348
2103
2253
2276
2112
2560
2073
2123
2206
2624
2045
2408
2005
1953
1929
2574
2591
2427
2552
2290
2086
2646
2216
2504
2077
2115
2418
2539
2655
2124
2356
2578
2489
2354
2369
2201
1997
2326
2140
2464
2324
2131
2602
2601
2604
2043
2492
2631
2078
1946
2482
2611
2093
2142
2037
2055
2477
2386
2257
2429
2189
2623
2553
2084
2352
1986
2469
2069
2098
2299
2506
1943
2229
2188
2090
2118
2220
2590
2083
2060
2359
2040
2200
2507
2526
2334
2074
2122
2210
2407
2430
2579
2306
2308
2237
2190
2104
2309
1985
2619
2593
2495
2307
2594
2642
2509
2250
2180
2102
2246
2111
2087
2508
2254
2445
2259
136
2589
2330
2249
2067
2303
2613
2527
2382
2262
2357
1921
2346
1914
2061
2297
2225
1976
2364
2171
1995
1927
1919
2459
2157
2640
1998
1999
1968
2659
2159
1935
2365
3555
3690
3711
3924
3794
3870
3698
3643
3826
3714
3636
3718
3786
3818
3969
3468
620
683
610
611
2581
2057
2065
2367
2208
2293
1994
2609
2572
2392
2428
2233
2033
2240
1938
2340
2108
2139
2500
2404
2339
2218
2278
2150
2521
2095
2064
2271
2414
2630
2395
2625
2030
1993
2088
2370
2121
2556
2184
1983
2543
2520
2300
645
3150
3403
3107
3299
3344
3038
2901
3106
2712
3041
2976
3072
3027
2232
2242
2416
1944
2036
1421
1061
1145
1830
1784
1268
1157
940
1797
1474
1096
1678
1581
1486
911
1430
1053
1353
1759
1208
1248
1362
1045
1043
1197
1111
1276
1295
1154
1133
899
1030
1564
1544
1594
1852
1461
991
1369
1485
1305
1272
1331
1017
1335
952
1291
1185
1146
925
1659
1795
1572
1435
1724
1519
1110
906
1851
1782
1718
2512
2653
2315
2052
2148
1920
2436
2283
2319
2241
2649
2125
2247
1945
2598
2032
2153
2461
2328
2081
2302
2398
2223
1955
2547
1932
2239
2285
2047
2511
2133
2289
2199
2384
2224
2127
2268
2007
2194
2567
2071
2144
1948
2351
2169
2588
2149
2463
2419
2366
618
634
546
555
361
519
413
472
540
499
501
364
578
864
1900
1118
1142
1660
948
1654
1695
1878
1446
1400
1514
1237
1694
962
1565
1025
1744
1526
1434
1846
1055
1832
1077
1422
1498
1874
900
1904
1296
1037
1259
98
280
188
56
134
168
10
162
198
116
219
54
79
268
27
197
320
298
231
291
66
72
211
313
158
246
225
179
71
279
282
254
49
275
337
299
45
28
151
326
137
184
165
220
140
115
89
181
42
52
192
18
235
319
267
74
117
8
258
22
226
84
65
305
143
296
131
256
132
57
120
147
182
174
216
247
210
263
75
222
238
60
76
276
185
62
312
579
1569
171
2764
1642
2760
2933
2889
2752
2699
2695
3315
3222
2884
3260
3006
2824
3223
3273
3414
2705
3064
2746
2850
2943
3056
2985
2872
2761
3193
2954
3305
2903
2883
3205
2898
3165
3354
3148
2772
2870
3246
2886
3292
2808
2688
2962
3210
2830
3183
2838
2790
3215
3097
2662
3077
3110
2859
2895
2852
2908
2682
3401
2979
3109
3067
3300
3430
2968
2734
3245
2707
2853
3316
2840
3405
2938
2932
2675
3025
3426
2877
3033
3065
3284
2896
3184
2673
2974
2749
3129
3108
3226
2906
2909
2966
3387
2757
3054
3096
3078
2827
3023
2907
3213
3234
2745
3237
3304
3012
3053
3371
2711
3395
3005
2996
1013
1104
1661
1066
1751
1828
1309
1281
1875
1284
1021
1257
1019
1859
1432
1082
1728
1909
1780
1150
1697
1395
959
1517
1354
1713
1046
907
920
1387
908
1433
1144
1494
1866
989
1115
1578
988
1841
1716
1628
1636
1899
1148
1611
560
510
405
397
547
488
456
527
525
444
422
395
2211
2031
2318
2610
2403
2534
2049
1936
2258
802
795
712
798
813
762
720
725
825
753
872
875
1915
2605
4036
1937
1952
2252
2008
2236
2577
2335
1975
2152
2562
2129
2628
2228
2119
2260
1922
2440
2035
2540
2141
2173
2361
2411
2580
2222
2493
2531
2230
2570
2412
2405
627
2486
2070
2360
2490
2522
2256
1974
2105
2424
2455
2426
2545
2349
2413
2017
2483
2596
2584
2147
2576
2234
2618
2091
2488
2313
1963
404
503
517
526
483
637
968
1060
1573
1448
1067
1381
1106
1506
1266
1027
1890
1838
1394
1073
1223
1910
1385
1774
1219
1842
1201
1483
1605
1153
1132
1833
1746
1612
1613
1714
1662
1707
1006
1619
1079
1643
1877
1644
1181
1339
1003
1717
1741
1156
1457
1547
1367
1209
1620
1054
1075
1600
1688
1290
1689
1198
1288
1898
1238
1712
1598
1163
966
1868
1271
1580
1722
995
997
1101
1341
1491
1059
1391
1589
1563
1653
1796
999
1614
1639
1334
1675
1135
1243
1570
1255
1175
1078
1447
1330
1608
1902
1665
1256
1488
1516
1663
1804
1879
1839
1471
1126
1735
1028
1538
1789
1123
1398
1058
1093
1283
1137
1378
418
415
452
458
394
442
522
381
558
565
357
818
821
749
801
783
730
779
743
850
750
700
832
757
736
833
841
809
690
794
1161
961
1831
1162
955
1854
1251
1676
1038
1023
4015
3993
3999
4023
877
861
865
870
2114
2181
2614
1913
1924
2515
2013
2195
2599
2100
2632
2167
2204
2269
2513
2358
2320
2301
4020
3986
4003
4009
386
399
466
4028
447
521
384
552
443
356
377
393
505
530
464
440
448
888
776
869
541
533
450
382
486
551
469
508
562
3991
2096
1933
2298
2444
1977
2170
2650
1988
2450
2656
2082
2422
2443
2166
876
891
890
874
893
358
4006
625
605
623
656
677
680
671
615
608
607
616
592
597
598
573
684
665
675
635
603
867
883
884
887
868
871
866
375
502
586
490
445
535
494
122
3120
3350
3291
3320
3182
3396
3154
3330
3146
2785
3373
2848
2747
860
3399
2784
3410
3086
3162
3219
2988
2928
2835
2681
3303
2891
2897
2940
2920
2689
2806
3166
2663
2931
3047
3098
2666
2679
2773
3119
3084
2993
2929
3137
2738
3073
2810
2862
2786
2927
2782
3339
2910
2777
2676
2925
3228
2986
2755
3384
3324
3022
3090
2750
2698
2960
3104
3363
3232
2915
3026
3362
3029
3433
2994
3435
3014
3114
2731
2680
3348
2911
2866
2800
3004
2839
2694
2944
2669
2946
2716
3406
3360
3198
3335
3076
3082
3347
2751
3302
2904
2849
3224
3321
2936
2869
3035
2991
3021
3070
2780
3385
3196
2873
3257
3394
3243
3135
2836
2762
2983
3080
3231
2809
3310
3155
2667
3279
3248
2871
2690
3081
2678
1450
2677
1419
3211
3138
2923
3143
3270
2868
2709
2723
2961
2794
2766
2857
2692
3379
3010
2726
2812
2816
3200
2997
2899
2977
2874
3364
3036
3238
3050
2982
3178
3048
3144
3112
2926
3377
2797
3011
3052
3142
3195
2815
3149
2912
2664
2905
2864
2969
2867
2953
2978
2807
2702
2823
3111
3293
3123
2765
3247
3239
3277
2833
2973
3391
3421
3366
3412
3068
2728
3370
3325
2811
3398
2847
2799
2885
3197
3282
3091
2721
2722
3055
2817
3343
3057
2882
2767
3066
3156
2843
3087
2758
3264
2801
2941
2879
2671
3058
2820
2814
3289
3372
3254
3425
3271
3294
2893
3043
2691
3319
3212
2959
3124
3357
3085
2743
2945
2887
2924
3139
3069
2703
3323
3208
3413
3218
3393
3225
2684
3338
3170
2937
3332
3381
3145
3298
2708
3160
3133
3105
3251
3216
3173
3375
3147
3015
2934
2829
3075
3203
3346
3233
3019
2775
3356
2858
2736
2804
3229
2878
3127
3227
3037
3368
2791
3088
3262
2700
2851
2789
3083
2693
2774
3408
3268
2860
2732
2972
2696
2802
2834
3283
2935
2981
2948
3367
3389
3317
2957
3275
3136
3256
3062
2881
3177
2779
3420
2818
3333
3180
2975
3361
3094
3134
2776
3432
3424
3269
2685
3278
3318
3013
3266
3167
3122
2949
3349
2831
3312
3402
3255
3418
2822
2917
3121
2952
3126
3190
3322
3328
2922
3428
3031
2900
2947
3176
3263
3002
3191
3240
3140
3288
3434
3132
3252
2828
2753
3060
3101
2742
2793
3397
2661
2863
3411
3253
2921
3034
3016
1656
1726
2841
3168
3020
3287
2668
2665
3117
2741
3000
2956
2913
2754
2720
3355
3380
3365
3187
2918
3030
3241
3285
3207
2724
3118
2739
2813
2825
2783
2984
3352
3276
2930
2861
2792
3242
3329
2798
3217
3071
3130
3230
2998
2902
2769
3427
2855
3161
3334
3407
3125
3244
3295
3001
3313
2844
3359
3341
2768
3185
3201
3152
3353
3017
3345
3386
3089
3046
2958
58
113
285
128
221
175
83
2
317
333
11
138
286
61
110
289
293
81
201
244
347
178
7
308
1973
1957
1991
2627
2435
2162
2362
2480
2221
2062
2434
2415
1981
2377
2243
2198
2641
2044
1961
2568
859
512
408
482
513
567
563
376
492
524
391
544
506
553
348
497
523
439
446
396
545
455
462
549
380
554
410
453
495
568
569
416
430
520
507
378
414
475
366
1313
1790
1085
897
3214
1460
1404
1143
1481
1258
1010
1188
986
1690
1646
1196
1340
1674
1165
2494
2636
2284
1951
2447
2337
2286
2248
2497
2503
852
788
691
854
796
771
789
839
785
735
793
739
687
728
792
759
715
761
811
858
3985
894
4013
4030
4025
4011
3981
1000
970
956
1177
1769
1615
1321
1453
1234
1169
1815
1226
1703
1260
1306
1084
1071
1552
1701
1206
1414
928
1039
1401
904
1901
1802
1363
1747
1779
1186
973
976
1408
1464
1682
1349
1080
1616
1677
1766
1001
1397
1095
1343
1299
1418
965
1007
1417
1088
1317
1537
1384
1865
1265
1664
987
1818
1304
1428
1249
1090
1134
931
1015
1749
1801
1740
479
398
409
493
639
653
581
588
685
678
654
630
666
642
576
587
633
612
657
617
644
619
489
531
407
427
485
421
34
676
561
431
566
436
496
373
370
542
438
461
591
500
614
515
2730
1881
1425
1844
1626
2484
2212
1966
2213
2654
2363
2423
2046
2575
1989
2164
2024
1928
1847
1555
1178
1274
1566
1164
1811
1205
1388
1214
1222
1199
1399
1849
1083
1130
1302
960
1652
1821
1068
1885
1771
1112
1737
1886
1375
1344
1049
1029
1480
1524
1650
1647
1229
1587
902
975
1479
1129
1857
1576
1691
1591
1292
1596
1036
1727
1679
1545
538
428
606
669
1673
1767
420
389
1195
927
1528
1765
1497
1087
922
1333
1541
1081
1624
1906
1241
1508
1649
1350
1671
1342
1033
915
1773
1392
1438
981
1120
1231
1277
1345
1215
1502
1706
1454
1786
1273
1871
942
1382
1261
1893
1158
1473
596
1783
1018
1406
1212
1285
1809
1024
1826
982
1754
983
1176
943
1119
1383
1364
1094
1468
1040
932
559
580
651
514
432
402
417
388
487
473
557
355
548
359
504
372
474
491
351
470
550
406
379
441
879
882
1062
898
969
941
1719
831
716
742
767
826
711
834
773
784
609
1980
765
595
1263
1325
1592
1618
1776
1579
1442
949
996
1270
1105
1103
1641
1775
1711
1586
1896
1466
918
1233
1731
1607
1174
1410
1825
1698
1443
1356
1213
1005
1415
1167
1338
1504
1785
1159
1183
1444
1070
1699
1225
1686
1072
1440
1140
1829
1585
1441
1252
1022
1050
1602
1368
1455
1294
919
1582
933
1820
1032
1824
1396
1515
1848
938
1532
1337
1777
1745
1715
1571
1535
1136
944
964
1245
1014
1495
1595
984
1894
1221
1507
1739
1057
1121
1316
1099
1373
917
1429
930
1543
1300
1357
1179
1778
1763
936
1606
1870
1297
1558
1301
1168
1651
1760
926
1908
1670
905
1439
1640
1141
1127
1131
1210
1549
1803
1307
1553
1518
979
1445
1328
433
349
889
880
697
726
754
747
3927
3764
3498
3527
3654
3516
3670
3502
3649
3441
3950
3618
3760
3562
3850
3526
3921
3740
3615
3617
3821
3793
3584
3535
3961
3881
3783
3868
3743
3621
3805
3716
3887
3575
3724
3817
3565
3485
3795
3754
3976
3784
3937
3630
3905
3668
3474
3443
3601
3460
3634
3972
3875
3532
3560
3953
3770
3861
3682
3745
3606
3934
3769
3899
3696
3445
3975
3616
3901
3759
3789
3799
3848
3854
3653
3720
3869
3469
3738
248
3680
3918
3867
3796
3828
3442
713
459
536
511
400
363
1574
1114
1512
1318
1492
1042
1876
1355
1236
1496
924
1525
1246
1681
1275
1770
1139
1500
1484
1035
1529
1709
1324
1742
1102
1907
1303
1282
1020
1812
1108
1729
1732
1638
1794
1475
1298
1680
1872
1100
1347
1462
1109
1482
1052
1738
1531
974
1905
1240
1200
1627
985
1476
1031
1203
1326
1002
1346
1855
912
1262
1253
1202
945
1372
1478
1756
1279
1218
1805
994
1152
1705
1887
1648
1314
901
1216
1568
1733
1787
1798
1629
1493
958
1548
1895
1336
1380
1207
1668
1211
1622
1509
1551
1124
1637
1086
1361
1617
1757
1791
1191
1056
953
1173
1160
1604
1736
1172
1125
1449
1370
1402
1540
1523
1609
1864
2478
1912
1772
