348 28
18 34
11 22
18 30
11 20
14 28
7 14
21 36
9 18
58 56
11 22
2 4
2 4
32 46
16 26
2 4
10 18
14 22
2 4
17 24
16 28
66 70
12 22
18 30
17 22
70 72
69 64
6 12
14 22
14 26
18 32
24 40
7 14
3 6
6 12
3 6
12 18
2 4
10 18
16 30
45 60
25 38
3 6
2 4
7 14
13 24
6 12
3 6
23 42
5 10
12 22
8 16
3 4
32 46
9 18
18 28
79 54
16 26
13 26
20 38
9 16
4 8
27 46
7 14
8 14
13 24
16 26
77 68
10 18
11 22
3 6
4 8
25 42
11 22
2 4
15 26
4 8
7 12
10 20
13 20
24 34
4 8
35 48
8 16
14 26
15 28
7 14
14 24
21 38
9 18
3 6
9 18
22 26
9 18
23 30
7 14
10 20
4 8
50 60
14 20
10 16
20 24
7 12
17 28
33 46
15 28
9 18
1046 81
14 24
38 52
6 12
15 26
4 6
41 48
2 4
22 32
18 30
7 14
37 48
63 66
5 10
13 26
64 68
19 28
5 10
5 10
8 14
17 26
29 44
8 16
17 30
8 16
17 30
19 30
20 34
11 18
134 120
17 28
3 6
10 18
12 18
29 50
44 48
13 26
16 22
3 6
11 22
7 14
21 38
15 28
12 20
8 14
6 12
3 6
3 6
4 8
13 26
4 8
26 48
15 24
3 6
26 42
9 18
7 12
4 8
12 22
5 10
8 16
12 24
39 64
47 60
23 44
42 58
13 26
5 8
18 30
15 28
12 24
14 28
4 8
21 28
11 20
4 8
3 6
19 30
27 40
45 56
17 22
49 56
8 14
5 10
4 8
6 10
6 12
20 24
10 20
14 20
17 28
13 24
48 56
58 66
5 10
5 10
58 56
23 32
3 6
5 10
4 8
8 16
2 4
2 4
31 42
19 34
40 56
18 28
2 4
3 6
9 16
10 20
7 14
5 10
9 18
12 20
28 40
29 42
11 22
15 28
16 24
4 6
7 14
10 20
22 38
26 40
3 6
3 6
6 12
38 54
8 16
24 34
60 62
4 8
3 6
25 32
9 18
3 6
6 12
15 26
4 8
22 36
25 34
6 12
15 24
66 60
4 8
18 22
3 6
3 6
19 32
16 28
9 18
9 18
39 60
5 10
8 14
6 12
28 50
19 22
3 6
12 18
7 14
5 10
74 58
46 66
10 20
15 26
11 20
19 34
66 56
11 22
3 6
44 50
17 28
3 6
6 10
17 28
48 50
3 6
2 4
5 10
5 10
15 24
37 52
2 4
4 8
4 8
11 22
8 14
26 30
12 20
21 30
8 16
4 8
21 26
22 34
56 64
3 6
10 20
5 8
25 38
11 18
14 24
8 16
27 36
38 52
14 26
57 66
3 6
8 14
12 24
9 18
22 34
4 8
73 66
40 54
27 46
40 48
20 30
5 10
10 20
31 48
17 24
21 36
44 56
9 18
29 38
2 4
4 8
10 20
8 16
28 48
7 14
13 20
35 50
19 34
10 20
17 26
28 36
8 16
230 74
6 12
22 38
6 12
24 38
103 96
27 36
40 56
4 8
19 32
2 4
27 42
44 44
24 40
20 34
97 90
10 18
7 14
98 96
33 54
35 48
27 46
72 66
6 12
18 32
95 74
69 56
18 28
134 74
3 6
63 54
3 6
12 20
13 20
13 24
4 8
5 8
9 18
4 8
37 54
39 58
49 74
7 14
62 62
40 52
8 14
37 48
78 90
28 40
48 74
34 42
9 16
74 62
3 6
58 62
21 32
52 70
12 22
5 10
16 32
56 74
35 48
16 26
4 8
100 88
18 30
160 82
27 46
22 34
63 66
24 26
58 76
35 54
26 42
61 70
58 64
18 28
20 36
19 34
10 20
116 108
11 20
39 56
72 72
56 68
11 22
34 40
11 20
61 54
11 18
72 66
44 52
15 30
9 16
13 20
3 6
48 62
28 48
19 34
2 4
4 8
11 18
23 40
26 36
43 62
6 12
4 8
38 60
62 70
21 34
27 48
11 18
67 78
54 56
20 36
44 68
6 10
79 72
10 20
5 8
3 6
23 36
17 26
32 46
6 12
33 54
21 32
123 88
7 12
13 24
9 16
38 54
8 14
28 44
35 54
232 92
108 100
6 12
17 26
34 50
29 42
25 34
14 28
12 22
66 56
57 72
24 34
24 38
41 54
84 78
7 14
4 8
84 92
9 16
12 24
59 64
44 64
14 20
73 66
66 74
17 30
16 26
27 46
31 40
30 40
90 72
65 74
62 72
21 34
105 94
20 34
26 36
51 56
16 30
12 24
44 48
65 54
70 70
99 114
47 64
14 26
10 20
5 10
41 54
11 16
7 14
9 18
13 22
23 34
41 56
88 98
23 44
9 18
11 20
59 76
22 32
68 70
47 58
31 48
33 40
33 52
8 16
2 4
18 30
5 8
86 80
19 30
39 50
49 70
38 60
21 34
84 58
31 52
82 58
6 10
92 108
10 18
21 32
86 82
64 72
13 26
16 22
36 42
4 8
5 8
33 38
12 24
13 22
15 28
23 30
25 32
40 44
85 92
3 6
22 30
26 30
16 28
2 4
8 16
11 22
15 20
22 34
15 24
47 44
42 46
6 12
9 18
20 28
47 84
23 36
17 24
24 26
25 30
26 46
2 4
19 26
36 40
19 26
92 102
2 4
2 4
31 44
6 10
17 26
16 28
2 4
33 44
25 28
20 36
26 34
25 32
27 28
21 32
8 14
14 22
18 30
2 4
22 28
15 22
25 32
13 18
12 22
40 50
12 24
23 24
16 28
17 32
23 32
26 34
116 116
2 4
12 20
24 32
67 92
3 6
25 30
26 40
30 36
14 26
20 28
3 6
6 12
23 32
74 80
5 10
29 38
34 38
7 14
4 8
8 14
25 32
25 32
4 8
25 30
25 28
10 20
18 26
19 22
19 32
4 8
2 4
35 40
24 30
6 12
9 14
5 10
2 4
24 30
19 32
23 32
27 36
8 16
28 40
24 28
14 28
34 44
21 28
18 28
171 42
29 34
46 56
9 14
10 18
7 14
2 4
15 28
55 54
42 50
32 48
53 64
69 74
3 6
8 16
22 38
9 16
44 54
6 10
70 54
19 22
11 18
30 46
18 26
9 16
21 34
14 22
72 62
15 24
11 16
13 26
5 10
31 48
65 54
19 32
6 12
15 28
13 26
48 48
9 18
37 42
27 44
39 40
14 28
16 20
27 32
15 26
9 18
24 42
6 10
15 28
17 30
26 38
30 34
9 18
18 26
13 26
4 8
3 6
58 56
10 18
58 60
20 32
3 6
3 6
13 24
39 44
14 24
31 44
20 36
11 20
5 10
21 32
11 20
31 46
9 16
14 22
15 22
29 40
15 24
36 52
9 18
15 24
16 30
28 40
16 28
19 30
37 44
38 48
3 6
10 20
19 34
17 26
19 28
35 40
53 62
14 26
19 30
41 50
4 8
10 20
30 38
5 10
14 24
5 10
8 14
24 32
21 34
15 30
19 34
8 16
27 36
8 16
13 22
38 54
2 4
6 12
21 34
17 34
67 54
16 26
21 30
10 20
19 34
33 34
10 18
9 18
11 22
27 36
40 44
10 18
25 32
17 28
38 48
39 50
10 16
16 32
57 56
59 58
7 14
12 24
46 52
80 46
35 46
56 54
16 28
5 8
16 30
44 34
21 34
13 18
14 24
23 28
16 28
28 40
3 6
38 48
14 24
15 26
24 34
7 14
28 36
22 36
31 48
11 22
5 10
5 10
45 50
4 8
5 10
40 66
13 24
6 12
3 6
3 6
11 22
25 40
12 24
6 12
5 10
6 12
9 18
5 10
8 16
8 16
8 16
8 16
7 14
8 16
2 4
12 24
5 10
11 22
7 12
9 16
8 14
9 18
2 4
5 10
10 20
9 18
7 14
10 20
14 26
8 16
2 4
2 4
5 10
5 10
7 12
127 78
67 108
39 42
4 6
14 24
35 26
47 40
35 28
4 8
18 36
79 92
14 26
33 54
13 20
6 12
2 4
10 20
45 78
17 34
36 60
148 122
131 88
2 4
30 38
14 28
107 94
31 52
9 16
46 66
168 112
22 40
76 90
10 18
6 12
53 56
16 32
64 84
26 40
83 80
8 16
38 44
8 16
30 30
18 34
18 34
55 78
66 42
13 26
38 54
5 10
167 108
116 102
39 56
24 46
11 22
21 38
85 86
110 110
56 54
11 14
11 18
66 58
25 30
47 68
104 112
14 28
28 50
34 26
27 40
17 30
116 104
108 109
41 68
33 48
16 28
35 52
22 40
19 32
12 24
55 52
25 38
27 42
105 104
11 16
129 104
48 50
69 84
63 82
43 46
8 16
12 22
7 14
42 58
36 54
30 54
20 40
32 32
155 111
28 46
67 100
5 10
97 95
10 20
78 94
17 34
40 62
5 10
96 100
121 96
15 24
143 110
17 30
9 18
58 82
37 56
33 50
33 52
13 26
100 70
37 52
10 16
150 110
52 52
59 58
59 52
62 72
5 10
10 20
86 92
30 48
81 94
4 6
68 76
80 105
12 18
5 10
80 54
18 32
4 8
27 44
59 60
38 54
6 10
28 44
68 94
49 66
16 24
13 20
29 54
13 20
4 8
66 82
107 108
83 86
12 20
47 54
64 84
9 18
55 68
15 26
66 79
6 12
8 16
166 102
52 68
11 20
23 44
23 42
28 46
3 6
69 56
77 70
50 72
22 38
79 84
4 6
27 46
11 22
64 94
81 92
143 100
16 30
184 108
124 98
61 78
31 44
58 60
107 94
16 30
67 60
206 128
8 16
15 30
15 24
14 24
21 36
51 90
10 20
12 24
25 42
2 4
37 28
24 38
57 36
65 74
124 106
52 48
9 18
110 84
5 10
28 56
142 116
44 40
39 54
71 88
10 14
55 64
48 60
39 50
37 44
30 46
123 109
36 26
2 4
52 64
25 48
50 54
72 106
131 119
118 108
199 106
22 40
99 108
61 56
67 78
33 44
143 109
7 12
12 24
69 74
34 46
30 30
15 24
25 42
10 18
19 30
34 52
15 30
22 34
2 4
148 106
6 12
66 80
103 104
15 30
7 14
18 34
140 103
10 18
46 66
100 114
6 12
67 74
62 64
89 90
20 38
9 14
101 98
28 42
27 48
58 54
29 44
7 14
20 36
37 62
25 46
114 108
116 123
19 26
133 118
3 6
16 26
14 28
46 48
46 64
90 90
67 76
35 54
159 96
157 102
18 28
21 36
33 44
39 66
40 54
111 122
98 76
10 20
5 10
50 66
27 44
16 26
84 94
218 101
5 10
59 71
10 18
9 16
108 76
103 97
2 4
73 82
4 8
77 82
41 66
174 112
27 44
21 34
115 115
44 64
37 30
48 82
12 18
55 74
10 20
72 92
143 127
23 40
3 6
31 44
36 62
85 82
24 40
48 64
126 114
75 84
30 32
3 6
16 26
108 80
44 58
61 62
153 125
10 20
8 16
21 36
94 92
113 98
13 24
41 40
36 58
25 48
9 18
16 30
138 130
13 22
4 8
4 6
7 14
125 102
136 112
56 56
43 66
48 66
39 56
69 52
3 4
7 14
6 12
32 48
14 26
121 104
12 24
127 112
3 6
97 90
85 100
65 70
26 44
58 64
3 6
125 94
37 52
45 48
77 86
42 50
69 56
33 58
61 82
56 60
24 42
67 86
93 98
86 108
88 84
114 114
56 60
49 66
23 40
6 10
26 38
7 14
72 68
32 44
32 42
7 14
108 90
49 64
39 56
105 112
27 50
32 50
21 28
44 50
28 42
25 42
81 100
35 42
27 34
45 64
33 36
22 40
42 54
28 32
65 50
26 44
91 70
78 90
41 44
19 36
3 6
50 88
21 32
137 102
123 117
147 120
43 58
34 26
101 106
129 103
56 60
37 56
69 82
101 92
64 66
124 106
11 22
38 66
92 98
98 68
6 12
75 68
38 58
43 62
34 52
68 82
235 91
4 8
6 10
38 46
21 34
32 46
78 60
85 95
38 54
138 128
4 8
22 32
13 26
43 64
67 68
167 108
11 14
54 90
113 90
38 42
8 14
74 72
43 54
75 76
183 100
191 112
33 26
52 52
86 96
28 48
42 40
5 10
13 24
16 28
2 4
10 20
85 85
47 62
194 94
176 118
38 56
54 82
3 6
3 6
55 36
17 26
45 72
179 112
23 34
13 24
75 99
10 16
51 54
51 80
32 40
38 62
35 64
107 118
22 30
11 20
23 44
61 64
9 18
31 46
112 98
6 12
22 40
25 42
149 113
25 36
15 30
62 76
20 28
35 60
65 72
67 94
30 44
39 62
3 6
221 106
56 66
24 36
16 24
57 100
31 58
57 78
35 42
22 34
29 48
17 30
6 10
10 16
33 54
10 20
37 54
143 101
53 66
91 106
24 44
32 40
35 32
29 50
53 42
6 12
133 105
63 82
34 58
103 80
47 78
9 18
85 54
11 22
27 42
109 97
2 4
125 120
32 28
58 76
72 94
170 119
91 84
55 94
5 10
73 72
6 12
10 18
18 32
85 74
94 120
18 34
50 60
97 105
23 38
48 68
6 12
64 92
136 118
23 40
10 20
126 104
14 26
27 26
27 42
68 56
49 72
30 56
7 14
13 20
30 42
19 38
71 80
29 46
59 68
60 90
9 18
38 64
34 38
132 102
5 10
31 46
35 50
53 74
36 46
70 70
160 88
37 60
15 30
34 62
118 112
7 14
157 130
70 94
42 61
58 64
23 40
13 26
71 88
43 68
106 102
23 44
40 64
36 32
34 62
65 76
83 98
20 36
73 110
80 102
70 106
34 58
56 79
34 54
16 28
44 70
4 8
123 104
39 32
50 80
39 50
172 110
8 16
38 62
161 116
36 52
26 42
152 95
3 6
187 93
2 4
26 46
11 20
113 112
17 30
45 62
21 42
34 50
30 30
49 80
125 127
61 97
44 64
90 82
68 74
21 42
67 62
171 91
37 62
6 12
84 99
2 4
42 34
98 76
212 122
21 38
4 8
54 54
24 36
206 93
89 110
96 90
26 42
33 54
17 34
40 52
78 54
113 94
137 123
12 22
118 106
33 24
13 24
146 90
149 117
91 90
32 48
6 12
118 111
93 88
180 123
73 72
191 84
183 113
72 99
25 40
51 58
118 122
25 46
115 109
129 128
190 112
178 112
101 100
36 54
26 38
38 66
4 6
83 70
23 30
68 92
10 20
80 98
24 34
39 56
35 52
78 58
100 114
35 46
79 92
9 18
15 28
29 54
101 92
70 76
57 60
19 36
51 68
26 28
36 56
22 44
5 10
82 102
75 84
8 16
57 62
35 58
6 12
20 38
83 76
25 44
81 62
147 127
236 95
7 14
128 105
37 64
28 48
123 98
138 104
12 21
33 56
26 44
41 58
26 50
118 98
17 28
37 52
19 36
28 36
62 62
26 48
39 54
124 108
793 26
94 102
36 46
44 64
96 94
125 110
3 6
61 54
51 68
4 8
35 54
31 50
13 24
9 18
20 30
43 64
18 32
8 16
46 72
71 74
26 36
28 40
43 62
186 99
11 22
63 74
16 28
6 12
106 92
5 10
188 98
66 68
61 70
140 118
156 128
20 38
50 70
116 100
57 84
50 82
60 66
52 80
22 38
33 58
33 48
81 64
227 112
9 16
49 50
39 30
50 70
110 114
157 119
80 94
27 42
15 30
38 48
105 118
80 54
27 48
38 52
20 34
203 88
23 28
14 28
14 28
127 98
51 42
116 92
83 80
58 86
3 6
17 30
132 118
28 48
7 14
4 8
122 108
5 10
33 46
26 40
67 88
41 52
37 52
210 109
26 46
48 68
21 34
62 85
24 38
41 72
9 18
6 12
6 10
39 54
23 42
21 38
27 44
68 94
122 76
18 26
31 48
98 76
39 38
11 16
104 102
39 62
132 135
7 14
146 111
58 96
90 90
72 86
6 12
35 30
153 98
246 84
24 40
13 18
26 40
196 97
23 44
33 54
52 78
15 30
114 108
103 124
64 84
45 42
157 142
11 20
25 42
132 100
16 26
31 58
89 106
68 48
28 46
13 22
128 106
59 52
30 42
103 108
202 104
57 68
17 32
17 34
43 64
47 64
192 90
2 4
183 98
26 42
39 30
7 14
166 120
11 22
50 64
120 117
41 68
71 76
102 124
39 60
27 50
37 40
120 113
30 48
43 70
23 42
13 26
3 6
7 14
5 10
74 62
30 54
47 56
18 34
100 105
55 58
50 90
108 108
9 18
32 48
124 106
122 101
16 30
24 36
83 58
51 70
42 52
14 24
29 54
57 64
65 82
36 46
151 105
33 26
54 82
52 56
19 36
33 48
29 54
106 110
12 22
255 83
16 24
7 12
72 76
13 20
84 78
64 62
38 32
10 18
37 68
102 91
80 86
27 50
15 28
131 121
41 58
31 48
12 20
23 38
31 42
11 20
42 62
32 54
40 70
756 79
20 34
48 48
12 22
80 82
191 63
162 87
56 44
124 69
41 48
16 22
57 78
7 14
126 103
135 105
56 50
24 32
152 87
14 26
40 42
96 71
12 20
13 26
51 44
23 28
5 10
190 61
80 78
94 71
224 121
40 66
193 51
30 44
147 73
192 59
121 79
109 67
9 18
13 22
65 42
18 34
124 81
94 99
93 76
9 16
40 44
35 46
121 103
44 56
8 14
188 53
87 94
97 106
21 36
173 99
3 6
36 50
5 10
73 84
177 77
71 56
66 62
8 16
37 52
40 52
10 20
16 18
177 73
58 50
56 68
20 40
200 63
179 65
225 99
154 86
37 54
25 44
88 92
21 24
50 52
16 28
204 47
65 79
64 54
5 10
136 97
55 50
35 48
34 44
61 50
86 85
49 58
51 58
156 71
53 44
172 111
8 16
46 64
85 63
41 44
16 26
10 20
11 22
6 12
19 36
8 16
56 58
20 30
159 75
32 54
51 52
26 44
54 54
31 40
97 119
45 52
107 77
35 62
188 55
54 70
148 77
174 71
9 16
31 42
22 34
174 91
124 98
113 77
153 97
9 18
97 81
175 73
26 46
177 47
124 83
206 79
18 34
38 50
24 38
10 18
107 69
116 95
164 75
74 93
116 106
43 56
77 99
194 41
107 96
49 46
77 103
142 93
187 61
27 50
10 16
34 42
142 89
169 95
14 26
124 61
130 97
196 41
163 71
49 56
18 32
127 93
205 49
2 4
10 20
173 77
19 30
148 81
142 93
31 56
137 87
157 57
199 53
24 36
190 53
35 50
44 60
178 71
8 14
155 95
22 40
39 46
118 99
17 34
7 12
72 80
133 91
185 69
182 57
12 24
5 8
38 54
165 64
136 86
44 50
185 69
161 77
11 20
16 28
137 86
66 76
143 113
189 55
16 26
24 36
159 85
147 83
204 49
170 73
122 89
55 64
113 88
93 103
39 46
12 22
199 61
95 90
160 102
86 79
89 77
75 93
50 77
139 73
179 57
172 77
25 38
222 87
103 104
79 72
44 72
25 38
42 66
91 71
129 85
193 63
87 73
19 30
140 61
161 83
42 70
28 46
40 42
11 20
49 50
25 38
83 100
16 32
32 56
93 102
129 101
10 20
6 10
4 8
110 85
19 34
67 46
194 69
31 44
121 72
9 16
118 90
12 22
4 8
95 109
115 75
18 28
9 18
135 67
187 65
18 32
19 32
149 63
195 49
114 97
169 75
89 75
42 42
15 26
110 79
2 4
111 63
23 40
56 74
176 75
174 71
191 47
50 46
101 76
5 8
15 28
211 43
23 38
23 43
37 54
99 97
55 74
141 77
104 98
28 44
59 72
134 87
14 26
206 43
6 10
196 49
42 52
47 60
117 97
130 71
43 48
52 82
8 14
33 50
208 67
6 12
37 56
72 96
223 75
30 42
71 74
38 52
125 89
14 26
45 67
202 53
120 77
41 70
60 74
201 49
8 14
96 83
123 101
19 22
20 36
110 101
10 20
11 20
158 81
91 74
11 20
8 16
156 85
50 78
56 77
21 42
130 95
15 26
8 14
76 75
12 20
235 75
84 100
131 96
2 4
16 24
181 61
30 40
92 69
36 48
186 61
155 75
17 34
175 89
130 75
60 80
10 18
155 83
162 91
57 46
56 84
25 32
69 88
22 38
161 95
185 48
18 28
143 85
55 69
123 80
24 44
35 54
39 50
18 36
156 81
123 109
11 20
124 79
30 44
67 84
17 28
114 92
142 94
157 81
200 65
24 42
52 74
17 28
86 98
20 24
74 73
11 22
37 52
38 48
123 81
17 30
8 16
47 68
184 55
198 63
80 88
181 65
126 100
167 90
125 87
49 64
191 63
104 91
161 95
140 111
35 44
151 85
36 46
110 85
183 79
199 49
27 46
29 40
80 66
122 95
53 94
37 48
292 111
152 71
19 34
29 52
111 67
169 76
87 90
178 65
31 52
173 59
14 24
7 14
148 78
13 24
46 62
26 36
168 71
66 46
56 50
37 58
51 78
80 96
198 49
159 81
37 52
106 91
13 24
169 61
7 14
180 87
95 85
51 54
37 64
4 8
177 65
3 6
25 42
189 85
58 76
140 77
51 73
7 14
29 52
50 54
73 86
93 98
33 48
96 94
180 69
70 74
36 52
109 89
78 91
20 32
22 38
16 28
18 26
171 85
21 36
37 52
90 85
154 81
179 77
208 59
33 54
32 42
18 30
184 61
42 46
38 52
71 98
118 93
110 97
82 71
9 14
6 12
166 77
12 18
37 54
19 34
26 43
192 87
87 103
147 99
6 10
29 42
148 83
92 86
28 38
95 79
6 8
69 76
11 16
35 48
5 10
4 8
24 40
17 30
71 58
162 65
50 50
34 46
47 74
13 22
110 89
11 20
15 26
17 28
17 32
9 18
2 4
100 96
47 50
170 73
125 88
97 101
127 55
203 43
61 70
12 20
131 85
178 121
136 81
2 4
133 73
78 89
50 82
27 42
98 77
37 56
114 94
94 106
47 48
28 46
4 8
161 83
4 8
127 91
138 101
19 34
10 18
40 52
109 101
16 28
122 75
179 63
7 12
40 58
146 78
23 42
26 34
95 82
94 105
182 63
77 98
44 70
17 18
152 90
6 12
125 91
202 61
99 77
135 80
139 83
141 87
106 108
16 28
10 16
14 24
89 92
7 12
49 65
36 60
166 68
142 95
15 29
18 30
14 26
36 48
192 99
5 10
8 12
37 64
30 53
24 40
107 86
100 91
19 24
12 22
64 88
96 96
57 56
141 97
32 52
3 6
197 75
295 117
31 54
10 20
145 99
55 81
9 16
162 70
163 75
159 85
113 94
174 74
94 87
136 67
132 85
32 46
23 34
166 67
202 69
156 95
15 28
111 81
189 70
5 10
27 46
117 81
12 20
2 4
22 38
31 54
20 34
153 81
104 89
142 95
46 70
21 32
165 75
117 81
7 12
25 48
102 87
47 42
16 24
41 40
188 53
20 28
92 72
80 66
198 53
97 97
126 89
186 51
95 98
4 8
2 4
106 83
165 71
15 24
183 69
191 63
199 55
69 80
197 55
18 34
76 97
196 53
100 92
50 57
52 68
208 69
29 46
32 52
18 32
186 61
101 86
115 94
24 40
165 63
56 44
7 10
22 38
131 91
189 57
187 57
35 46
42 36
29 40
128 71
174 69
117 101
8 16
42 36
6 12
21 36
39 48
36 54
167 63
38 42
57 52
20 38
128 102
101 79
28 42
55 50
136 97
49 48
49 52
123 80
19 34
8 16
50 50
73 71
152 68
169 71
17 30
53 44
37 44
59 72
39 52
100 62
38 56
27 46
84 66
51 80
62 68
21 40
35 66
98 56
20 30
7 12
38 50
30 44
71 64
39 62
84 70
16 30
10 20
94 82
54 60
46 70
17 28
79 82
29 40
13 26
25 44
22 36
12 24
68 78
32 60
4 8
6 12
19 36
94 68
12 22
20 34
17 28
70 58
14 22
16 30
27 34
25 46
19 28
3 6
28 50
68 82
16 30
35 46
13 22
14 26
32 46
45 62
32 52
4 8
33 60
96 94
55 44
38 56
101 88
50 58
7 12
4 8
13 26
71 80
9 18
18 34
14 24
39 56
64 66
90 108
30 46
9 18
25 42
27 52
20 40
6 12
22 38
84 80
32 50
3 6
58 74
117 80
52 68
14 26
34 56
16 32
14 26
76 80
54 70
86 62
36 58
8 16
53 62
123 76
90 58
46 54
84 74
47 64
23 46
12 24
29 50
22 40
64 78
26 50
48 50
14 26
7 14
29 50
13 24
42 46
15 28
35 64
58 68
7 12
28 42
7 14
84 68
96 90
20 24
60 78
67 92
99 66
34 60
29 56
45 70
103 78
50 80
3 6
20 36
10 20
13 24
4 8
100 74
20 32
25 42
61 78
28 44
4 8
9 18
83 82
11 22
11 22
23 42
10 20
9 18
51 70
23 40
4 8
20 34
59 74
8 16
26 48
28 56
3 6
58 60
12 18
6 10
17 34
25 48
16 26
14 22
15 28
39 48
7 12
21 40
11 22
76 70
79 64
29 38
23 36
19 36
31 58
83 72
10 18
45 66
32 58
15 22
5 10
138 64
34 64
32 60
2 4
30 36
30 56
27 40
28 52
13 26
22 44
82 64
34 50
23 40
12 22
63 68
37 64
5 10
19 36
3 6
18 36
21 40
4 8
12 24
72 66
105 108
76 72
40 56
79 70
81 82
22 40
71 80
23 40
43 58
77 60
74 66
48 52
53 64
15 28
105 76
12 24
17 26
67 84
46 76
11 20
16 30
7 14
5 10
11 22
41 64
16 26
20 32
89 70
23 40
30 44
9 18
62 82
10 20
51 68
55 62
9 18
7 14
12 20
78 84
8 16
9 16
73 98
75 68
93 72
33 46
28 48
78 72
84 64
70 56
62 58
76 66
42 70
92 82
88 68
19 34
21 30
71 60
75 84
41 62
4 8
17 34
41 64
80 68
11 22
93 76
87 92
49 58
9 18
54 76
41 58
15 30
21 34
13 26
61 72
64 62
21 36
70 70
65 78
12 22
11 22
83 76
107 82
55 76
60 82
18 32
22 38
21 38
49 76
103 84
4 8
35 48
14 26
45 62
97 76
15 30
43 72
18 32
93 78
12 24
20 34
5 10
19 36
18 32
108 72
23 36
14 26
72 70
45 52
5 8
18 26
74 68
60 64
4 8
42 68
34 50
26 42
19 38
6 12
24 38
16 28
18 36
25 48
61 66
101 64
28 40
64 66
59 64
14 26
62 60
73 84
57 72
66 82
16 28
40 72
15 30
4 8
31 58
92 74
36 52
73 100
5 10
54 68
44 76
3 6
25 40
17 30
20 40
33 58
43 72
12 24
25 46
44 56
11 22
30 54
71 112
31 50
71 86
38 66
51 46
81 66
36 46
15 24
55 74
97 80
67 90
13 26
53 64
9 14
2 4
23 34
89 78
44 76
91 72
39 56
4 8
89 80
23 44
52 56
28 46
21 36
18 34
7 14
9 18
38 62
51 50
16 28
77 64
17 32
102 88
51 68
11 22
84 72
7 12
79 84
18 30
16 32
6 12
79 94
15 30
33 56
12 24
65 48
54 56
15 30
14 28
17 28
17 34
63 70
2 4
47 84
63 84
7 12
24 40
87 94
56 68
100 54
40 56
29 48
26 50
117 72
11 22
77 72
53 62
38 46
52 76
11 20
53 74
109 76
7 12
12 24
17 34
8 16
16 24
77 72
42 72
66 68
11 20
35 60
123 78
50 52
21 36
84 68
13 24
63 68
52 84
64 60
19 36
18 36
53 88
13 24
69 72
47 66
62 66
104 76
64 90
45 70
70 84
72 64
5 10
10 20
34 50
31 56
3 6
9 18
7 12
11 22
36 60
14 24
9 18
85 58
11 20
3 6
36 56
63 90
50 60
20 34
22 40
72 102
12 24
57 54
5 10
17 34
70 80
62 56
6 12
31 56
67 68
90 88
15 28
86 80
12 22
92 102
13 26
14 24
16 32
53 74
8 14
31 48
7 14
58 72
24 40
11 20
8 16
39 58
18 36
49 66
62 60
26 36
20 40
73 82
19 38
75 76
7 12
28 40
42 62
26 42
69 86
9 18
9 18
69 78
2 4
62 80
81 96
24 36
35 46
52 80
20 34
13 26
41 72
17 26
28 48
18 34
73 70
41 54
9 16
87 104
23 46
12 24
93 68
12 22
32 52
48 58
16 32
52 62
42 52
16 30
25 46
15 24
26 50
36 56
37 64
64 100
26 46
8 16
7 14
10 20
40 60
55 62
27 50
16 32
24 40
56 72
29 48
80 62
6 12
37 54
15 28
2 4
29 44
106 68
64 74
34 56
9 18
22 34
29 48
42 56
63 58
67 80
20 32
16 28
28 46
15 28
15 28
15 24
67 64
32 58
15 30
35 46
10 18
87 72
52 82
13 26
33 48
64 86
43 62
48 68
32 58
29 42
55 72
25 40
59 88
32 40
49 50
9 18
73 80
3 6
10 16
7 14
6 12
45 72
27 40
64 90
30 58
21 40
72 70
20 36
26 50
108 92
13 26
3 6
17 28
71 54
28 36
24 40
49 80
49 70
20 40
6 12
120 84
13 26
61 68
24 42
47 68
42 70
64 64
46 70
61 84
19 32
41 62
68 78
37 54
36 62
6 12
23 40
20 38
10 20
19 30
6 12
12 18
18 34
33 56
17 30
15 28
40 48
8 12
21 32
27 42
114 82
70 60
9 18
8 16
88 78
20 30
17 32
51 74
19 38
20 38
94 94
37 66
63 68
8 16
10 20
66 90
8 16
25 44
10 20
74 68
17 32
32 58
69 100
15 28
77 68
66 80
36 56
77 76
85 72
13 26
83 92
85 70
14 28
63 92
10 20
55 58
21 30
16 32
12 24
19 28
75 100
15 28
76 78
132 60
50 60
47 70
63 78
12 24
10 20
44 62
7 14
16 26
8 16
18 34
17 28
4 8
9 18
32 62
61 68
26 36
22 42
55 54
18 28
18 36
50 62
54 78
53 70
98 72
11 22
8 16
26 48
54 62
18 32
20 34
32 58
39 60
77 94
116 92
9 18
38 56
36 60
9 18
16 32
53 78
19 36
14 28
71 80
3 6
3 6
17 32
17 28
63 78
46 58
4 8
19 34
30 52
54 54
90 68
11 22
64 68
24 34
21 32
41 68
17 28
8 16
11 22
114 72
10 20
9 18
6 12
22 40
24 44
7 14
66 82
108 76
50 60
8 16
548 24
25 34
10 20
27 36
7 14
46 46
23 34
6 12
8 12
12 20
7 12
48 54
46 44
19 32
2 4
17 34
2 4
15 30
39 44
52 54
7 14
21 36
16 30
29 38
9 18
21 34
25 40
32 42
17 22
27 36
4 8
30 50
29 34
17 30
26 42
16 24
18 26
19 34
33 48
16 22
7 14
18 24
16 28
26 36
15 26
14 24
14 22
16 30
20 36
31 38
11 22
48 52
6 12
16 28
24 32
10 18
20 34
5 10
57 68
20 34
25 40
19 32
22 38
21 28
51 46
9 18
14 24
9 18
26 36
49 58
10 18
25 38
23 32
21 32
23 38
14 26
7 14
42 54
12 22
15 26
18 26
34 44
18 24
11 22
59 72
10 20
15 28
17 32
37 54
31 46
24 34
37 44
36 42
9 16
10 20
16 32
16 24
24 42
20 36
12 22
5 10
21 32
11 22
35 44
13 20
34 48
11 22
6 12
84 54
17 30
14 24
9 18
16 28
20 36
10 20
8 16
34 44
22 30
21 42
14 26
32 46
39 60
28 52
4 8
15 28
16 28
18 30
18 32
5 10
10 20
15 22
36 64
27 32
2 4
18 24
9 16
23 38
16 30
4 8
43 60
53 46
25 44
17 22
10 18
13 22
4 8
11 20
50 56
9 18
45 54
18 24
5 8
3 6
28 42
20 30
14 26
48 60
13 22
15 22
87 64
4 8
12 18
34 40
8 16
22 38
18 30
10 20
77 74
40 58
6 10
9 16
20 30
28 32
16 30
58 64
20 36
16 28
11 20
21 36
13 24
34 52
21 32
5 10
17 30
12 24
13 24
20 36
15 28
38 44
9 18
20 32
24 36
38 48
14 22
11 22
7 12
66 54
23 28
28 42
26 40
6 12
12 22
13 22
43 56
11 18
24 38
25 38
14 22
19 36
18 30
9 18
22 32
16 28
2 4
33 42
8 16
5 8
13 22
16 24
23 30
14 22
17 30
11 22
7 14
7 14
18 28
15 26
11 22
7 14
10 18
24 38
12 18
8 16
23 38
10 18
48 70
5 8
39 48
15 20
6 12
51 62
6 12
14 22
44 60
11 22
10 18
18 32
68 76
16 22
5 10
34 44
3 6
4 8
27 50
4 8
39 48
30 40
6 12
16 28
16 26
22 40
19 28
4 8
8 16
16 26
39 48
16 28
3 6
39 56
26 34
25 36
16 22
2 4
27 36
30 46
9 18
27 38
27 36
15 28
8 16
4 8
28 36
24 40
11 20
31 48
34 42
9 18
7 14
20 30
16 26
7 10
29 42
2 4
29 44
41 56
3 6
4 8
50 56
17 26
13 22
40 50
31 40
16 24
28 38
19 30
6 10
20 30
4 8
7 12
3 6
23 32
2 4
7 14
30 48
7 14
20 26
26 32
9 18
9 18
62 60
18 24
45 54
20 26
18 26
22 24
18 32
13 22
30 50
5 10
11 14
11 20
24 36
14 26
11 22
8 14
9 18
15 24
19 26
10 20
20 28
11 22
14 26
20 34
17 30
5 10
33 50
14 24
13 22
20 32
22 36
6 12
13 22
9 16
46 58
22 30
16 28
50 54
36 44
6 12
12 22
44 50
2 4
15 28
50 64
4 8
17 26
22 36
50 58
6 12
7 14
3 6
3 6
17 26
36 46
4 8
8 14
8 16
9 18
16 28
4 8
13 22
15 26
14 22
2 4
27 48
31 42
15 30
51 62
28 42
33 42
9 18
29 42
38 46
109 78
26 40
13 24
33 42
8 14
27 40
23 32
18 22
62 66
6 12
13 20
34 40
42 60
9 18
6 10
21 28
3 6
14 26
7 12
6 12
21 30
60 52
23 42
2 4
3 6
16 30
2 4
12 16
33 46
7 14
38 46
17 30
20 26
12 24
8 16
5 10
20 36
27 36
19 28
33 44
27 34
9 16
15 28
39 54
15 24
3 6
10 20
56 60
11 20
3 6
11 22
19 32
5 10
16 28
35 48
3 6
30 44
6 12
11 20
16 16
6 12
25 40
14 24
7 14
10 18
14 28
22 30
5 10
17 28
8 12
35 42
9 18
43 52
19 30
8 16
9 16
45 50
27 40
8 16
23 36
5 10
8 16
16 24
19 32
9 18
23 30
8 16
16 22
32 34
13 22
17 24
31 42
3 6
8 16
42 52
6 12
44 56
25 44
4 8
16 30
48 66
23 40
9 18
23 30
11 20
2 4
7 14
15 26
84 56
5 10
12 22
8 16
3 6
26 24
14 24
35 42
5 10
33 46
60 64
13 22
17 26
36 48
5 10
5 10
5 10
4 8
25 34
19 26
10 20
3 6
18 30
8 16
40 46
7 14
16 28
5 10
48 66
17 26
47 50
26 40
7 14
48 64
19 24
9 14
2 4
16 24
16 22
7 14
5 10
13 20
60 40
9 18
15 22
3 4
2 4
7 14
10 18
3 6
8 16
7 14
5 10
4 8
4 6
7 14
12 24
10 20
5 10
12 24
15 26
5 10
10 16
3 6
8 16
6 10
11 20
4 8
3 6
5 10
2 4
11 20
2 4
5 10
3 6
7 14
13 22
2 4
5 10
10 16
8 16
9 18
9 18
12 20
2 4
19 26
2 4
5 10
10 18
8 16
3 6
3 6
20 26
12 24
3 6
4 8
3 6
2 4
3 6
5 10
10 20
