348 36
18 32
11 20
18 32
11 18
14 28
7 14
21 32
9 18
58 48
11 20
2 4
2 4
32 36
16 18
2 4
10 18
14 24
2 4
17 30
16 28
66 58
12 22
18 30
17 22
70 60
69 50
6 12
14 20
14 28
18 28
24 42
7 14
3 6
6 10
3 6
12 18
2 4
10 20
16 24
45 60
25 30
3 6
2 4
7 14
13 22
6 12
3 6
23 40
5 10
12 24
8 12
3 6
32 48
9 16
18 26
79 58
16 24
13 25
20 36
9 18
4 8
27 42
7 14
8 16
13 24
16 26
77 58
10 20
11 22
3 6
4 8
25 34
11 22
2 4
15 28
4 8
7 14
10 16
13 18
24 30
4 8
35 42
8 12
14 22
15 28
7 12
14 22
21 34
9 16
3 6
9 18
22 24
9 18
23 30
7 12
10 18
4 8
50 50
14 26
10 20
20 26
7 14
17 30
33 38
15 24
9 18
1046 57
14 20
38 44
6 12
15 28
4 8
41 40
2 4
22 28
18 28
7 14
37 48
63 68
5 10
13 22
64 56
19 22
5 10
5 10
8 16
17 24
29 36
8 16
17 30
8 14
17 32
19 30
20 34
11 18
134 111
17 30
3 6
10 14
12 18
29 40
44 44
13 24
16 24
3 6
11 22
7 14
21 36
15 20
12 24
8 14
6 10
3 6
3 6
4 8
13 24
4 8
26 46
15 22
3 6
26 34
9 16
7 14
4 8
12 20
5 10
8 14
12 24
39 52
47 48
23 44
42 54
13 24
5 10
18 32
15 24
12 22
14 28
4 8
21 28
11 18
4 8
3 6
19 28
27 38
45 52
17 26
49 50
8 16
5 10
4 8
6 12
6 12
20 28
10 16
14 24
17 24
13 24
48 52
58 54
5 10
5 10
58 48
23 30
3 6
5 10
4 8
8 16
2 4
2 4
31 44
19 28
40 64
18 28
2 4
3 6
9 18
10 16
7 14
5 10
9 18
12 24
28 38
29 40
11 20
15 20
16 30
4 8
7 14
10 18
22 38
26 34
3 4
3 6
6 10
38 52
8 12
24 40
60 56
4 8
3 6
25 30
9 14
3 6
6 12
15 22
4 8
22 40
25 30
6 10
15 20
66 48
4 8
18 24
3 6
3 4
19 30
16 32
9 18
9 18
39 48
5 10
8 16
6 12
28 38
19 24
3 6
12 22
7 14
5 10
74 44
46 62
10 16
15 24
11 18
19 30
66 54
11 20
3 6
44 52
17 24
3 6
6 12
17 24
48 54
3 6
2 4
5 10
5 10
15 26
37 52
2 4
4 8
4 8
11 18
8 16
26 28
12 20
21 26
8 16
4 8
21 26
22 38
56 58
3 6
10 16
5 10
25 40
11 18
14 24
8 16
27 30
38 50
14 28
57 58
3 6
8 16
12 22
9 16
22 32
4 8
73 60
40 52
27 44
40 42
20 28
5 10
10 16
31 58
17 24
21 42
44 66
9 18
29 44
2 4
4 8
10 18
8 16
28 42
7 12
13 22
35 40
19 26
10 20
17 28
28 34
8 16
230 86
6 12
22 34
6 12
24 34
103 104
27 46
40 60
4 8
19 36
2 4
27 46
44 56
24 42
20 34
97 108
10 18
7 12
98 102
33 52
35 52
27 48
72 72
6 12
18 32
95 84
69 64
18 26
134 104
3 6
63 58
3 6
12 22
13 24
13 24
4 8
5 10
9 18
4 8
37 48
39 58
49 82
7 14
62 70
40 46
8 14
37 50
78 78
28 46
48 78
34 48
9 16
74 74
3 6
58 60
21 40
52 66
12 24
5 10
16 28
56 64
35 52
16 30
4 8
100 72
18 32
160 92
27 44
22 30
63 64
24 38
58 82
35 54
26 44
61 76
58 66
18 34
20 34
19 36
10 18
116 107
11 20
39 54
72 76
56 66
11 20
34 48
11 22
61 62
11 20
72 70
44 50
15 26
9 16
13 22
3 6
48 68
28 38
19 34
2 4
4 6
11 22
23 36
26 36
43 60
6 10
4 8
38 56
62 62
21 40
27 50
11 20
67 82
54 64
20 34
44 70
6 12
79 72
10 20
5 10
3 6
23 38
17 32
32 38
6 12
33 48
21 34
123 110
7 14
13 26
9 16
38 50
8 14
28 42
35 56
232 75
108 100
6 12
17 32
34 52
29 46
25 42
14 28
12 24
66 70
57 60
24 34
24 46
41 62
84 68
7 12
4 8
84 90
9 16
12 24
59 52
44 66
14 26
73 76
66 70
17 32
16 30
27 44
31 48
30 46
90 80
65 68
62 76
21 40
105 102
20 40
26 40
51 58
16 26
12 24
44 54
65 70
70 54
99 118
47 54
14 22
10 18
5 10
41 56
11 20
7 12
9 18
13 22
23 36
41 52
88 100
23 42
9 18
11 20
59 70
22 36
68 66
47 66
31 46
33 50
33 54
8 14
2 4
18 34
5 10
86 82
19 36
39 60
49 68
38 58
21 32
84 76
31 46
82 74
6 12
92 107
10 18
21 32
86 88
64 80
13 18
16 26
36 56
4 8
5 10
33 34
12 20
13 22
15 22
23 30
25 30
40 38
85 88
3 6
22 32
26 32
16 30
2 4
8 16
11 22
15 20
22 30
15 28
47 52
42 38
6 12
9 18
20 30
47 85
23 26
17 30
24 32
25 34
26 50
2 4
19 24
36 48
19 26
92 101
2 4
2 4
31 40
6 12
17 22
16 26
2 4
33 42
25 32
20 28
26 32
25 40
27 32
21 40
8 14
14 28
18 30
2 4
22 32
15 22
25 30
13 26
12 24
40 50
12 24
23 30
16 24
17 28
23 34
26 36
116 97
2 4
12 22
24 30
67 97
3 6
25 34
26 32
30 42
14 28
20 30
3 6
6 12
23 28
74 94
5 10
29 46
34 40
7 12
4 6
8 14
25 30
25 30
4 8
25 34
25 32
10 18
18 30
19 28
19 30
4 8
2 4
35 40
24 30
6 8
9 18
5 10
2 4
24 30
19 30
23 32
27 42
8 16
28 36
24 30
14 28
34 44
21 32
18 30
171 64
29 40
46 48
9 16
10 16
7 14
2 4
15 24
55 54
42 44
32 38
53 52
69 48
3 6
8 14
22 28
9 14
44 60
6 12
70 58
19 28
11 20
30 38
18 22
9 16
21 30
14 16
72 48
15 22
11 20
13 20
5 10
31 48
65 50
19 32
6 12
15 24
13 24
48 44
9 18
37 44
27 40
39 52
14 22
16 26
27 34
15 24
9 18
24 42
6 10
15 28
17 32
26 36
30 44
9 18
18 26
13 24
4 8
3 6
58 50
10 18
58 58
20 38
3 6
3 6
13 24
39 46
14 22
31 34
20 32
11 22
5 10
21 36
11 22
31 36
9 18
14 22
15 24
29 42
15 26
36 44
9 14
15 22
16 24
28 48
16 32
19 32
37 44
38 44
3 6
10 18
19 30
17 24
19 30
35 34
53 58
14 26
19 32
41 42
4 8
10 20
30 42
5 10
14 24
5 10
8 16
24 32
21 34
15 26
19 28
8 16
27 40
8 16
13 26
38 40
2 4
6 12
21 34
17 28
67 56
16 28
21 28
10 18
19 32
33 42
10 14
9 18
11 20
27 38
40 48
10 20
25 42
17 32
38 42
39 46
10 20
16 30
57 44
59 46
7 14
12 24
46 54
80 48
35 42
56 48
16 26
5 10
16 28
44 40
21 32
13 22
14 24
23 28
16 22
28 30
3 6
38 42
14 26
15 24
24 40
7 14
28 42
22 30
31 40
11 22
5 10
5 10
45 46
4 8
5 10
40 44
13 26
6 12
3 6
3 6
11 20
25 44
12 18
6 12
5 10
6 10
9 16
5 10
8 14
8 16
8 16
8 14
7 12
8 14
2 4
12 18
5 10
11 18
7 12
9 12
8 14
9 14
2 4
5 10
10 18
9 14
7 14
10 18
14 20
8 14
2 4
2 4
5 10
5 8
7 14
127 88
67 90
39 42
4 8
14 24
35 26
47 54
35 28
4 8
18 32
79 90
14 28
33 42
13 26
6 12
2 4
10 20
45 78
17 34
36 58
148 131
131 97
2 4
30 42
14 26
107 92
31 52
9 16
46 54
168 115
22 40
76 94
10 20
6 12
53 66
16 28
64 98
26 40
83 73
8 16
38 48
8 16
30 30
18 26
18 30
55 80
66 44
13 26
38 56
5 10
167 125
116 105
39 58
24 42
11 18
21 38
85 87
110 113
56 62
11 20
11 22
66 60
25 28
47 64
104 115
14 26
28 48
34 28
27 50
17 26
116 93
108 126
41 66
33 46
16 24
35 46
22 40
19 34
12 22
55 62
25 36
27 48
105 109
11 22
129 109
48 58
69 90
63 71
43 48
8 16
12 22
7 14
42 50
36 54
30 46
20 34
32 30
155 99
28 48
67 92
5 10
97 80
10 20
78 90
17 30
40 64
5 10
96 105
121 102
15 28
143 105
17 34
9 18
58 78
37 52
33 56
33 56
13 26
100 80
37 50
10 20
150 120
52 60
59 58
59 54
62 70
5 9
10 20
86 91
30 50
81 96
4 8
68 74
80 103
12 22
5 10
80 61
18 32
4 8
27 44
59 60
38 54
6 12
28 44
68 78
49 64
16 28
13 26
29 48
13 26
4 8
66 84
107 108
83 93
12 24
47 62
64 84
9 18
55 69
15 30
66 76
6 12
8 16
166 107
52 61
11 22
23 46
23 42
28 34
3 6
69 64
77 62
50 79
22 42
79 82
4 8
27 48
11 22
64 90
81 105
143 111
16 30
184 99
124 101
61 75
31 48
58 52
107 99
16 30
67 68
206 121
8 16
15 24
15 28
14 24
21 39
51 84
10 20
12 24
25 44
2 4
37 28
24 38
57 44
65 52
124 113
52 52
9 18
110 76
5 10
28 52
142 108
44 50
39 52
71 98
10 20
55 73
48 62
39 58
37 50
30 52
123 109
36 26
2 4
52 76
25 42
50 60
72 99
131 106
118 99
199 89
22 42
99 107
61 66
67 89
33 54
143 105
7 14
12 22
69 87
34 46
30 28
15 30
25 44
10 18
19 28
34 62
15 29
22 38
2 4
148 115
6 12
66 70
103 109
15 26
7 14
18 32
140 99
10 20
46 70
100 129
6 12
67 78
62 70
89 82
20 34
9 16
101 87
28 47
27 46
58 74
29 40
7 14
20 38
37 64
25 46
114 101
116 110
19 36
133 115
3 6
16 32
14 24
46 62
46 67
90 92
67 80
35 54
159 111
157 81
18 24
21 32
33 36
39 62
40 60
111 102
98 83
10 20
5 10
50 64
27 46
16 32
84 93
218 93
5 8
59 63
10 18
9 16
108 80
103 90
2 4
73 89
4 8
77 96
41 60
174 115
27 32
21 36
115 101
44 60
37 30
48 72
12 24
55 74
10 20
72 84
143 113
23 44
3 6
31 44
36 66
85 80
24 36
48 58
126 104
75 76
30 30
3 6
16 24
108 77
44 56
61 72
153 101
10 20
8 16
21 42
94 90
113 99
13 26
41 44
36 60
25 48
9 18
16 32
138 133
13 22
4 6
4 8
7 12
125 99
136 105
56 58
43 62
48 70
39 46
69 58
3 6
7 14
6 12
32 58
14 28
121 107
12 22
127 102
3 6
97 91
85 106
65 77
26 42
58 60
3 6
125 88
37 60
45 38
77 82
42 54
69 54
33 56
61 72
56 59
24 40
67 88
93 83
86 97
88 98
114 105
56 64
49 76
23 44
6 12
26 44
7 14
72 55
32 38
32 54
7 14
108 85
49 70
39 54
105 122
27 48
32 42
21 32
44 56
28 38
25 40
81 99
35 56
27 34
45 56
33 42
22 40
42 61
28 28
65 64
26 44
91 64
78 86
41 48
19 36
3 6
50 80
21 40
137 117
123 111
147 114
43 58
34 28
101 98
129 99
56 64
37 50
69 82
101 105
64 74
124 110
11 22
38 62
92 87
98 70
6 12
75 78
38 58
43 52
34 54
68 81
235 85
4 8
6 12
38 46
21 28
32 50
78 63
85 94
38 52
138 124
4 8
22 26
13 26
43 74
67 92
167 113
11 20
54 94
113 95
38 44
8 16
74 76
43 56
75 91
183 93
191 91
33 24
52 58
86 92
28 46
42 46
5 10
13 26
16 32
2 4
10 20
85 98
47 56
194 105
176 117
38 64
54 76
3 6
3 6
55 44
17 32
45 74
179 107
23 36
13 22
75 95
10 20
51 62
51 82
32 40
38 62
35 62
107 122
22 36
11 22
23 42
61 72
9 18
31 42
112 103
6 12
22 37
25 46
149 108
25 34
15 28
62 75
20 34
35 60
65 72
67 81
30 48
39 63
3 6
221 93
56 60
24 32
16 28
57 86
31 55
57 88
35 54
22 32
29 52
17 34
6 12
10 14
33 54
10 16
37 52
143 97
53 64
91 113
24 40
32 46
35 28
29 48
53 52
6 12
133 105
63 79
34 66
103 72
47 66
9 18
85 56
11 21
27 44
109 95
2 4
125 111
32 26
58 72
72 90
170 113
91 80
55 92
5 10
73 82
6 12
10 20
18 26
85 78
94 121
18 32
50 60
97 85
23 42
48 74
6 12
64 84
136 107
23 42
10 20
126 98
14 28
27 28
27 44
68 62
49 66
30 54
7 14
13 26
30 40
19 36
71 76
29 50
59 68
60 76
9 16
38 58
34 40
132 99
5 10
31 42
35 54
53 78
36 48
70 76
160 89
37 57
15 30
34 62
118 108
7 12
157 117
70 100
42 66
58 68
23 44
13 26
71 102
43 70
106 98
23 44
40 64
36 34
34 52
65 90
83 98
20 38
73 116
80 93
70 104
34 50
56 76
34 48
16 32
44 72
4 8
123 103
39 32
50 80
39 52
172 94
8 16
38 60
161 116
36 52
26 41
152 101
3 6
187 102
2 4
26 46
11 22
113 107
17 30
45 65
21 36
34 38
30 26
49 86
125 103
61 77
44 60
90 84
68 76
21 40
67 60
171 87
37 56
6 12
84 94
2 4
42 42
98 76
212 110
21 36
4 8
54 62
24 32
206 87
89 114
96 84
26 38
33 44
17 34
40 54
78 50
113 104
137 113
12 22
118 111
33 24
13 22
146 109
149 121
91 95
32 50
6 12
118 105
93 82
180 97
73 68
191 110
183 111
72 100
25 32
51 58
118 113
25 50
115 89
129 139
190 95
178 121
101 94
36 58
26 44
38 62
4 8
83 66
23 32
68 78
10 20
80 95
24 34
39 48
35 52
78 72
100 98
35 50
79 102
9 16
15 24
29 54
101 95
70 80
57 70
19 38
51 68
26 30
36 54
22 40
5 8
82 93
75 90
8 16
57 68
35 60
6 12
20 38
83 81
25 43
81 78
147 101
236 81
7 14
128 101
37 62
28 52
123 99
138 108
12 24
33 50
26 44
41 58
26 47
118 95
17 34
37 50
19 34
28 47
62 73
26 42
39 52
124 112
793 34
94 118
36 48
44 56
96 113
125 97
3 6
61 62
51 70
4 8
35 56
31 44
13 24
9 18
20 28
43 60
18 36
8 14
46 68
71 80
26 44
28 40
43 64
186 87
11 20
63 78
16 30
6 12
106 108
5 10
188 97
66 71
61 74
140 113
156 117
20 32
50 76
116 103
57 79
50 70
60 68
52 78
22 40
33 61
33 50
81 62
227 107
9 16
49 58
39 28
50 72
110 99
157 113
80 89
27 42
15 28
38 46
105 121
80 60
27 46
38 58
20 34
203 91
23 26
14 28
14 28
127 97
51 44
116 98
83 73
58 95
3 6
17 32
132 113
28 54
7 14
4 8
122 111
5 10
33 54
26 44
67 92
41 60
37 48
210 117
26 44
48 66
21 38
62 80
24 40
41 64
9 18
6 12
6 12
39 62
23 44
21 40
27 50
68 96
122 96
18 32
31 56
98 76
39 36
11 22
104 103
39 62
132 120
7 12
146 96
58 94
90 88
72 84
6 12
35 28
153 107
246 87
24 44
13 22
26 42
196 99
23 44
33 48
52 82
15 28
114 89
103 105
64 72
45 50
157 123
11 20
25 44
132 108
16 28
31 58
89 86
68 54
28 48
13 26
128 95
59 60
30 42
103 100
202 115
57 68
17 26
17 31
43 52
47 57
192 89
2 4
183 103
26 48
39 30
7 14
166 112
11 22
50 62
120 91
41 76
71 73
102 114
39 56
27 48
37 52
120 99
30 56
43 66
23 44
13 26
3 6
7 14
5 10
74 76
30 56
47 60
18 36
100 115
55 66
50 88
108 114
9 16
32 40
124 105
122 97
16 30
24 40
83 60
51 66
42 54
14 28
29 50
57 68
65 93
36 46
151 93
33 24
54 90
52 68
19 28
33 44
29 56
106 109
12 20
255 87
16 30
7 14
72 80
13 18
84 78
64 62
38 28
10 18
37 62
102 79
80 70
27 54
15 30
131 99
41 52
31 44
12 24
23 42
31 35
11 20
42 66
32 44
40 72
756 61
20 37
48 47
12 19
80 83
191 53
162 79
56 49
124 69
41 55
16 27
57 77
7 13
126 105
135 107
56 45
24 35
152 73
14 23
40 47
96 57
12 23
13 25
51 49
23 37
5 9
190 49
80 89
94 81
224 117
40 61
193 49
30 47
147 71
192 43
121 97
109 73
9 17
13 19
65 55
18 35
124 93
94 103
93 81
9 13
40 51
35 47
121 109
44 53
8 15
188 57
87 101
97 97
21 37
173 85
3 5
36 53
5 9
73 87
177 57
71 65
66 61
8 15
37 57
40 53
10 19
16 27
177 69
58 51
56 71
20 35
200 63
179 55
225 85
154 79
37 43
25 39
88 83
21 37
50 53
16 29
204 37
65 67
64 51
5 9
136 107
55 45
35 49
34 45
61 53
86 103
49 59
51 63
156 83
53 49
172 117
8 15
46 61
85 67
41 47
16 29
10 17
11 17
6 11
19 35
8 15
56 59
20 37
159 77
32 51
51 59
26 47
54 47
31 35
97 109
45 55
107 73
35 61
188 45
54 71
148 75
174 71
9 17
31 45
22 41
174 85
124 91
113 59
153 93
9 17
97 85
175 69
26 43
177 57
124 91
206 85
18 33
38 59
24 35
10 17
107 67
116 95
164 75
74 93
116 101
43 53
77 85
194 37
107 97
49 45
77 87
142 89
187 57
27 45
10 19
34 55
142 83
169 83
14 23
124 63
130 85
196 39
163 69
49 61
18 31
127 89
205 33
2 3
10 19
173 83
19 27
148 85
142 99
31 49
137 87
157 69
199 47
24 41
190 43
35 49
44 71
178 71
8 15
155 87
22 39
39 43
118 91
17 31
7 13
72 85
133 87
185 49
182 51
12 19
5 9
38 59
165 63
136 73
44 55
185 69
161 79
11 17
16 29
137 83
66 75
143 107
189 45
16 29
24 43
159 71
147 91
204 47
170 61
122 81
55 75
113 85
93 119
39 51
12 19
199 53
95 101
160 93
86 83
89 79
75 93
50 65
139 63
179 55
172 65
25 35
222 63
103 95
79 63
44 65
25 47
42 65
91 73
129 77
193 57
87 69
19 33
140 61
161 77
42 69
28 45
40 45
11 17
49 45
25 39
83 89
16 29
32 55
93 99
129 93
10 17
6 11
4 7
110 83
19 29
67 51
194 55
31 53
121 83
9 15
118 95
12 23
4 7
95 97
115 87
18 29
9 17
135 63
187 63
18 31
19 29
149 65
195 47
114 111
169 61
89 65
42 53
15 27
110 85
2 3
111 77
23 31
56 79
176 81
174 73
191 45
50 51
101 89
5 9
15 27
211 29
23 39
23 37
37 51
99 107
55 67
141 101
104 105
28 53
59 73
134 87
14 25
206 41
6 11
196 41
42 59
47 55
117 99
130 75
43 51
52 87
8 15
33 55
208 47
6 11
37 61
72 91
223 65
30 53
71 81
38 53
125 97
14 25
45 73
202 45
120 75
41 71
60 71
201 35
8 13
96 81
123 97
19 33
20 39
110 77
10 17
11 19
158 77
91 79
11 19
8 15
156 85
50 81
56 71
21 35
130 81
15 23
8 11
76 99
12 23
235 49
84 107
131 109
2 3
16 23
181 61
30 43
92 87
36 53
186 63
155 93
17 33
175 83
130 65
60 77
10 17
155 85
162 89
57 59
56 83
25 43
69 85
22 37
161 89
185 45
18 35
143 89
55 65
123 87
24 43
35 51
39 55
18 35
156 59
123 93
11 19
124 87
30 51
67 85
17 31
114 77
142 79
157 73
200 53
24 37
52 69
17 31
86 77
20 33
74 69
11 19
37 51
38 55
123 83
17 27
8 15
47 79
184 61
198 59
80 93
181 57
126 93
167 97
125 103
49 75
191 59
104 75
161 101
140 103
35 55
151 79
36 45
110 81
183 69
199 39
27 43
29 47
80 69
122 97
53 85
37 45
292 111
152 81
19 29
29 49
111 73
169 71
87 95
178 59
31 57
173 55
14 27
7 13
148 71
13 21
46 65
26 35
168 57
66 47
56 59
37 53
51 77
80 93
198 37
159 79
37 51
106 81
13 25
169 65
7 13
180 71
95 93
51 47
37 59
4 7
177 73
3 5
25 41
189 87
58 67
140 83
51 73
7 13
29 55
50 57
73 97
93 101
33 53
96 99
180 75
70 83
36 61
109 89
78 101
20 37
22 39
16 29
18 29
171 75
21 41
37 55
90 95
154 65
179 57
208 45
33 45
32 53
18 35
184 51
42 59
38 53
71 83
118 87
110 97
82 63
9 17
6 9
166 63
12 19
37 53
19 29
26 45
192 53
87 99
147 91
6 9
29 45
148 75
92 95
28 37
95 91
6 11
69 79
11 19
35 51
5 7
4 7
24 47
17 25
71 77
162 77
50 49
34 45
47 67
13 21
110 95
11 21
15 29
17 33
17 29
9 17
2 3
100 73
47 59
170 71
125 75
97 101
127 65
203 25
61 59
12 21
131 81
178 117
136 87
2 3
133 69
78 85
50 65
27 41
98 89
37 61
114 103
94 81
47 55
28 49
4 5
161 63
4 7
127 109
138 79
19 29
10 17
40 59
109 83
16 25
122 91
179 63
7 13
40 43
146 97
23 39
26 41
95 87
94 93
182 47
77 101
44 77
17 29
152 79
6 11
125 79
202 41
99 75
135 95
139 81
141 85
106 113
16 23
10 17
14 23
89 93
7 13
49 83
36 53
166 67
142 97
15 29
18 31
14 23
36 51
192 95
5 9
8 11
37 67
30 49
24 47
107 91
100 75
19 33
12 23
64 87
96 95
57 55
141 79
32 47
3 5
197 73
295 109
31 51
10 19
145 95
55 79
9 17
162 71
163 75
159 79
113 101
174 67
94 95
136 65
132 91
32 49
23 27
166 71
202 59
156 81
15 29
111 95
189 53
5 9
27 39
117 93
12 21
2 3
22 41
31 51
20 33
153 73
104 99
142 105
46 75
21 39
165 69
117 91
7 11
25 47
102 73
47 53
16 29
41 45
188 43
20 31
92 73
80 75
198 51
97 83
126 87
186 47
95 113
4 7
2 3
106 71
165 71
15 25
183 67
191 45
199 53
69 79
197 47
18 33
76 91
196 53
100 105
50 51
52 79
208 59
29 47
32 49
18 29
186 47
101 95
115 97
24 45
165 71
56 47
7 9
22 33
131 89
189 55
187 47
35 37
42 49
29 43
128 73
174 67
117 89
8 13
42 49
6 11
21 39
39 53
36 51
167 71
38 45
57 53
20 35
128 113
101 67
28 45
55 43
136 87
49 59
49 41
123 75
19 29
8 15
50 57
73 75
152 83
169 57
17 27
53 41
37 49
59 57
39 51
100 80
38 56
27 44
84 76
51 74
62 64
21 42
35 64
98 70
20 32
7 14
38 58
30 40
71 62
39 58
84 66
16 30
10 18
94 84
54 68
46 64
17 28
79 84
29 50
13 26
25 38
22 34
12 24
68 68
32 58
4 8
6 12
19 38
94 76
12 24
20 38
17 32
70 62
14 26
16 30
27 46
25 44
19 30
3 6
28 42
68 78
16 32
35 54
13 26
14 26
32 58
45 70
32 44
4 8
33 56
96 108
55 58
38 62
101 80
50 64
7 14
4 8
13 26
71 84
9 18
18 32
14 28
39 52
64 62
90 70
30 36
9 16
25 44
27 50
20 36
6 12
22 42
84 74
32 54
3 6
58 64
117 90
52 66
14 28
34 52
16 26
14 24
76 98
54 74
86 66
36 60
8 16
53 62
123 62
90 68
46 46
84 74
47 70
23 42
12 22
29 50
22 40
64 78
26 46
48 46
14 26
7 14
29 48
13 22
42 56
15 26
35 68
58 72
7 12
28 48
7 14
84 74
96 78
20 36
60 92
67 84
99 66
34 60
29 54
45 66
103 78
50 84
3 6
20 34
10 20
13 24
4 8
100 72
20 32
25 46
61 62
28 46
4 8
9 16
83 66
11 20
11 22
23 42
10 20
9 18
51 68
23 40
4 8
20 36
59 74
8 16
26 48
28 50
3 6
58 56
12 22
6 10
17 30
25 46
16 30
14 26
15 30
39 62
7 14
21 40
11 18
76 70
79 72
29 44
23 38
19 32
31 54
83 80
10 18
45 66
32 54
15 24
5 10
138 72
34 58
32 62
2 4
30 42
30 48
27 50
28 34
13 26
22 42
82 64
34 48
23 36
12 24
63 60
37 62
5 10
19 36
3 6
18 34
21 40
4 8
12 20
72 64
105 106
76 66
40 58
79 70
81 74
22 44
71 68
23 46
43 72
77 66
74 66
48 56
53 74
15 30
105 80
12 22
17 26
67 66
46 74
11 20
16 28
7 14
5 10
11 22
41 58
16 28
20 34
89 78
23 32
30 54
9 18
62 84
10 20
51 76
55 56
9 16
7 12
12 24
78 90
8 16
9 18
73 106
75 68
93 66
33 48
28 42
78 90
84 62
70 64
62 66
76 78
42 62
92 80
88 56
19 30
21 34
71 80
75 76
41 64
4 8
17 32
41 58
80 66
11 20
93 78
87 70
49 60
9 16
54 76
41 50
15 28
21 42
13 24
61 76
64 80
21 42
70 54
65 86
12 24
11 22
83 78
107 86
55 64
60 86
18 34
22 42
21 38
49 84
103 88
4 8
35 50
14 28
45 64
97 66
15 30
43 70
18 28
93 80
12 22
20 38
5 10
19 38
18 36
108 72
23 34
14 26
72 76
45 52
5 10
18 28
74 72
60 66
4 8
42 74
34 36
26 44
19 38
6 12
24 38
16 26
18 34
25 46
61 68
101 70
28 44
64 76
59 72
14 26
62 46
73 72
57 58
66 70
16 32
40 70
15 28
4 8
31 58
92 72
36 62
73 98
5 10
54 70
44 82
3 6
25 46
17 26
20 40
33 52
43 68
12 22
25 34
44 56
11 22
30 48
71 98
31 56
71 92
38 70
51 44
81 60
36 58
15 30
55 72
97 70
67 92
13 24
53 56
9 14
2 4
23 36
89 70
44 74
91 70
39 52
4 8
89 90
23 34
52 52
28 44
21 38
18 34
7 14
9 16
38 54
51 60
16 32
77 70
17 30
102 98
51 76
11 20
84 86
7 12
79 72
18 26
16 26
6 10
79 102
15 26
33 56
12 22
65 58
54 52
15 28
14 26
17 32
17 32
63 68
2 4
47 84
63 72
7 12
24 46
87 92
56 74
100 62
40 56
29 46
26 48
117 78
11 22
77 62
53 64
38 56
52 68
11 22
53 66
109 72
7 14
12 24
17 34
8 14
16 30
77 70
42 72
66 62
11 22
35 60
123 90
50 54
21 32
84 76
13 20
63 56
52 74
64 68
19 34
18 32
53 74
13 24
69 74
47 66
62 70
104 90
64 88
45 60
70 64
72 60
5 10
10 18
34 42
31 50
3 6
9 18
7 12
11 22
36 60
14 26
9 16
85 68
11 20
3 6
36 52
63 82
50 66
20 36
22 32
72 102
12 20
57 58
5 10
17 28
70 80
62 66
6 10
31 52
67 68
90 100
15 28
86 102
12 22
92 100
13 24
14 28
16 30
53 72
8 16
31 46
7 14
58 72
24 40
11 20
8 14
39 58
18 32
49 62
62 52
26 42
20 36
73 92
19 36
75 68
7 14
28 44
42 64
26 48
69 82
9 16
9 16
69 70
2 4
62 84
81 86
24 44
35 52
52 64
20 38
13 22
41 66
17 28
28 48
18 32
73 74
41 62
9 16
87 98
23 42
12 22
93 76
12 24
32 48
48 72
16 32
52 58
42 56
16 30
25 34
15 26
26 48
36 46
37 56
64 92
26 44
8 16
7 14
10 18
40 64
55 52
27 50
16 26
24 34
56 78
29 46
80 68
6 12
37 54
15 24
2 4
29 42
106 76
64 80
34 54
9 14
22 36
29 54
42 62
63 52
67 72
20 30
16 32
28 38
15 28
15 26
15 30
67 60
32 60
15 30
35 42
10 18
87 64
52 70
13 26
33 54
64 80
43 50
48 76
32 58
29 48
55 74
25 38
59 92
32 44
49 52
9 18
73 70
3 6
10 18
7 14
6 12
45 74
27 40
64 76
30 58
21 38
72 68
20 32
26 50
108 94
13 24
3 6
17 28
71 62
28 38
24 44
49 70
49 72
20 38
6 12
120 92
13 26
61 68
24 40
47 78
42 72
64 58
46 68
61 78
19 32
41 54
68 90
37 56
36 64
6 12
23 42
20 38
10 18
19 30
6 12
12 20
18 28
33 60
17 26
15 24
40 50
8 12
21 34
27 46
114 100
70 76
9 18
8 16
88 84
20 32
17 32
51 74
19 38
20 40
94 86
37 66
63 76
8 14
10 18
66 88
8 16
25 40
10 20
74 66
17 32
32 52
69 90
15 30
77 64
66 76
36 56
77 74
85 82
13 26
83 90
85 68
14 26
63 94
10 18
55 54
21 36
16 30
12 24
19 32
75 94
15 30
76 78
132 58
50 56
47 68
63 74
12 24
10 20
44 56
7 12
16 22
8 14
18 34
17 30
4 8
9 18
32 48
61 74
26 40
22 42
55 48
18 28
18 34
50 52
54 82
53 64
98 80
11 20
8 16
26 42
54 52
18 30
20 38
32 52
39 66
77 90
116 100
9 18
38 54
36 54
9 18
16 28
53 76
19 36
14 28
71 82
3 6
3 6
17 34
17 26
63 88
46 54
4 8
19 36
30 48
54 48
90 82
11 18
64 66
24 34
21 36
41 64
17 26
8 16
11 22
114 78
10 20
9 16
6 12
22 34
24 44
7 14
66 66
108 96
50 62
8 16
548 12
25 46
10 20
27 38
7 14
46 46
23 40
6 10
8 14
12 20
7 14
48 62
46 58
19 26
2 4
17 30
2 4
15 30
39 34
52 64
7 14
21 34
16 26
29 40
9 16
21 38
25 38
32 46
17 28
27 38
4 8
30 46
29 42
17 30
26 44
16 28
18 22
19 34
33 50
16 30
7 14
18 28
16 26
26 44
15 24
14 24
14 24
16 24
20 28
31 40
11 22
48 46
6 12
16 24
24 40
10 18
20 34
5 10
57 62
20 36
25 36
19 22
22 34
21 32
51 58
9 14
14 24
9 18
26 38
49 60
10 18
25 46
23 26
21 32
23 42
14 28
7 14
42 44
12 24
15 24
18 34
34 38
18 28
11 20
59 52
10 20
15 26
17 30
37 52
31 48
24 32
37 44
36 50
9 18
10 20
16 26
16 30
24 42
20 32
12 18
5 10
21 28
11 20
35 62
13 20
34 46
11 22
6 12
84 52
17 24
14 28
9 18
16 24
20 32
10 20
8 16
34 38
22 30
21 38
14 28
32 40
39 50
28 44
4 8
15 28
16 26
18 32
18 32
5 10
10 20
15 20
36 56
27 32
2 4
18 28
9 18
23 40
16 24
4 8
43 58
53 60
25 36
17 28
10 20
13 20
4 8
11 22
50 56
9 18
45 68
18 26
5 10
3 6
28 28
20 28
14 26
48 58
13 20
15 20
87 72
4 8
12 18
34 28
8 16
22 38
18 28
10 20
77 56
40 50
6 12
9 18
20 28
28 40
16 26
58 46
20 36
16 26
11 18
21 30
13 26
34 56
21 30
5 10
17 28
12 24
13 22
20 30
15 24
38 50
9 16
20 28
24 34
38 30
14 26
11 20
7 14
66 72
23 34
28 44
26 26
6 12
12 24
13 22
43 44
11 18
24 40
25 36
14 24
19 32
18 32
9 18
22 38
16 26
2 4
33 44
8 16
5 10
13 26
16 24
23 32
14 20
17 28
11 20
7 14
7 14
18 26
15 24
11 18
7 14
10 14
24 36
12 20
8 12
23 34
10 18
48 64
5 10
39 56
15 24
6 12
51 68
6 12
14 24
44 60
11 20
10 20
18 34
68 60
16 26
5 10
34 38
3 6
4 8
27 44
4 8
39 50
30 50
6 10
16 26
16 24
22 36
19 32
4 8
8 12
16 28
39 56
16 20
3 6
39 54
26 36
25 36
16 26
2 4
27 30
30 42
9 18
27 36
27 40
15 22
8 16
4 8
28 32
24 40
11 20
31 46
34 34
9 18
7 14
20 26
16 28
7 14
29 30
2 4
29 32
41 44
3 6
4 8
50 68
17 24
13 20
40 36
31 44
16 24
28 36
19 28
6 12
20 26
4 8
7 14
3 6
23 38
2 4
7 14
30 44
7 14
20 32
26 26
9 18
9 16
62 68
18 28
45 50
20 30
18 32
22 28
18 34
13 26
30 46
5 10
11 22
11 20
24 36
14 20
11 22
8 16
9 14
15 20
19 30
10 20
20 32
11 22
14 26
20 36
17 28
5 10
33 48
14 22
13 24
20 28
22 36
6 12
13 24
9 18
46 48
22 34
16 28
50 50
36 44
6 12
12 22
44 52
2 4
15 30
50 52
4 8
17 24
22 40
50 48
6 12
7 14
3 6
3 6
17 28
36 42
4 8
8 16
8 12
9 14
16 18
4 6
13 24
15 24
14 24
2 4
27 46
31 42
15 28
51 56
28 48
33 48
9 18
29 42
38 46
109 68
26 48
13 22
33 34
8 14
27 26
23 34
18 28
62 48
6 12
13 24
34 50
42 46
9 14
6 12
21 34
3 6
14 22
7 14
6 10
21 30
60 68
23 38
2 4
3 6
16 26
2 4
12 16
33 38
7 14
38 40
17 32
20 26
12 20
8 12
5 8
20 34
27 30
19 26
33 48
27 34
9 14
15 28
39 54
15 22
3 6
10 20
56 72
11 22
3 6
11 20
19 28
5 10
16 26
35 44
3 6
30 44
6 12
11 22
16 28
6 12
25 44
14 22
7 14
10 20
14 20
22 34
5 10
17 28
8 12
35 42
9 16
43 52
19 30
8 16
9 16
45 54
27 34
8 16
23 40
5 10
8 12
16 24
19 24
9 18
23 34
8 14
16 20
32 30
13 22
17 24
31 34
3 6
8 16
42 46
6 12
44 52
25 42
4 8
16 26
48 68
23 44
9 18
23 34
11 20
2 4
7 14
15 26
84 40
5 10
12 22
8 16
3 6
26 38
14 24
35 48
5 10
33 36
60 74
13 24
17 32
36 44
5 10
5 10
5 10
4 8
25 38
19 30
10 20
3 6
18 26
8 16
40 50
7 12
16 28
5 10
48 66
17 26
47 44
26 42
7 14
48 60
19 26
9 18
2 4
16 26
16 28
7 10
5 10
13 22
60 54
9 18
15 22
3 6
2 4
7 14
10 20
3 4
8 14
7 14
5 10
4 8
4 8
7 14
12 22
10 16
5 10
12 24
15 24
5 10
10 16
3 6
8 14
6 10
11 20
4 8
3 6
5 10
2 4
11 20
2 4
5 10
3 4
7 12
13 24
2 4
5 10
10 20
8 16
9 16
9 18
12 20
2 4
19 26
2 4
5 10
10 18
8 16
3 6
3 6
20 30
12 22
3 6
4 8
3 6
2 4
3 6
5 10
10 16
