348 28
18 34
11 16
18 30
11 16
14 28
7 14
21 30
9 16
58 54
11 22
2 4
2 4
32 34
16 18
2 4
10 14
14 20
2 4
17 30
16 28
66 64
12 22
18 28
17 22
70 70
69 54
6 12
14 20
14 28
18 30
24 40
7 14
3 6
6 10
3 6
12 14
2 4
10 20
16 30
45 54
25 30
3 6
2 4
7 14
13 24
6 10
3 6
23 46
5 10
12 22
8 16
3 6
32 38
9 18
18 26
79 38
16 30
13 26
20 28
9 14
4 8
27 44
7 14
8 14
13 24
16 24
77 66
10 18
11 22
3 6
4 8
25 34
11 22
2 4
15 26
4 8
7 14
10 14
13 16
24 38
4 8
35 54
8 16
14 24
15 24
7 14
14 20
21 40
9 18
3 6
9 16
22 24
9 16
23 28
7 14
10 20
4 8
50 42
14 24
10 16
20 22
7 14
17 26
33 40
15 28
9 18
1046 28
14 14
38 44
6 10
15 26
4 8
41 46
2 4
22 26
18 26
7 14
37 46
63 48
5 10
13 26
64 56
19 24
5 10
5 10
8 16
17 20
29 38
8 16
17 30
8 14
17 32
19 28
20 20
11 14
134 114
17 30
3 6
10 10
12 16
29 40
44 56
13 20
16 22
3 6
11 22
7 14
21 30
15 20
12 22
8 14
6 12
3 6
3 6
4 8
13 24
4 8
26 42
15 20
3 4
26 40
9 16
7 14
4 8
12 24
5 10
8 16
12 22
39 58
47 46
23 40
42 40
13 24
5 10
18 28
15 24
12 20
14 24
4 8
21 22
11 16
4 8
3 6
19 24
27 36
45 50
17 20
49 52
8 14
5 10
4 8
6 12
6 12
20 20
10 14
14 26
17 20
13 24
48 52
58 58
5 10
5 10
58 56
23 32
3 6
5 10
4 8
8 16
2 4
2 4
31 34
19 32
40 54
18 24
2 4
3 6
9 16
10 14
7 14
5 10
9 16
12 22
28 26
29 38
11 18
15 20
16 28
4 8
7 14
10 20
22 36
26 32
3 6
3 6
6 12
38 54
8 16
24 34
60 50
4 8
3 6
25 30
9 16
3 6
6 12
15 24
4 8
22 36
25 30
6 12
15 20
66 58
4 8
18 20
3 6
3 6
19 34
16 30
9 16
9 16
39 52
5 10
8 16
6 10
28 36
19 22
3 6
12 20
7 12
5 10
74 46
46 56
10 14
15 28
11 16
19 24
66 58
11 18
3 6
44 50
17 20
3 6
6 12
17 20
48 56
3 6
2 4
5 10
5 10
15 26
37 52
2 4
4 8
4 8
11 22
8 16
26 28
12 22
21 28
8 16
4 8
21 26
22 34
56 62
3 6
10 14
5 10
25 36
11 14
14 26
8 16
27 30
38 40
14 26
57 58
3 6
8 16
12 22
9 18
22 30
4 6
73 70
40 50
27 40
40 40
20 24
5 10
10 14
31 52
17 22
21 34
44 50
9 18
29 36
2 4
4 8
10 18
8 16
28 46
7 12
13 26
35 40
19 26
10 20
17 30
28 34
8 14
230 44
6 12
22 40
6 12
24 26
103 98
27 36
40 48
4 6
19 30
2 4
27 30
44 58
24 28
20 34
97 96
10 18
7 14
98 104
33 36
35 38
27 44
72 68
6 12
18 34
95 74
69 66
18 24
134 80
3 6
63 60
3 6
12 18
13 24
13 20
4 8
5 10
9 18
4 8
37 48
39 50
49 74
7 14
62 68
40 52
8 14
37 50
78 80
28 34
48 64
34 44
9 16
74 60
3 6
58 70
21 32
52 62
12 24
5 10
16 30
56 62
35 42
16 26
4 8
100 70
18 34
160 76
27 44
22 32
63 54
24 40
58 78
35 58
26 48
61 80
58 56
18 26
20 28
19 28
10 18
116 96
11 20
39 56
72 70
56 74
11 22
34 60
11 22
61 68
11 20
72 58
44 52
15 24
9 16
13 24
3 6
48 56
28 46
19 30
2 4
4 8
11 20
23 34
26 42
43 60
6 12
4 8
38 56
62 68
21 32
27 46
11 20
67 82
54 56
20 28
44 60
6 12
79 74
10 18
5 10
3 6
23 40
17 26
32 50
6 12
33 54
21 26
123 84
7 14
13 22
9 18
38 48
8 14
28 36
35 48
232 54
108 102
6 12
17 24
34 42
29 42
25 26
14 28
12 22
66 52
57 56
24 32
24 40
41 48
84 80
7 14
4 8
84 82
9 16
12 24
59 54
44 64
14 18
73 70
66 64
17 32
16 22
27 42
31 44
30 42
90 70
65 72
62 66
21 32
105 98
20 32
26 30
51 58
16 32
12 20
44 58
65 56
70 62
99 113
47 36
14 28
10 18
5 10
41 58
11 20
7 12
9 18
13 26
23 30
41 42
88 92
23 42
9 18
11 22
59 62
22 36
68 66
47 64
31 48
33 40
33 48
8 16
2 4
18 28
5 10
86 74
19 28
39 52
49 58
38 50
21 34
84 52
31 50
82 60
6 12
92 102
10 16
21 36
86 86
64 76
13 26
16 26
36 50
4 8
5 10
33 26
12 22
13 18
15 12
23 16
25 16
40 30
85 80
3 6
22 16
26 14
16 30
2 4
8 12
11 18
15 22
22 24
15 30
47 46
42 22
6 12
9 16
20 16
47 80
23 30
17 22
24 12
25 14
26 44
2 4
19 24
36 50
19 26
92 94
2 4
2 4
31 40
6 12
17 20
16 20
2 4
33 40
25 14
20 34
26 34
25 30
27 32
21 32
8 16
14 24
18 24
2 4
22 24
15 24
25 16
13 10
12 24
40 44
12 22
23 14
16 26
17 28
23 18
26 30
116 108
2 4
12 22
24 18
67 88
3 6
25 14
26 32
30 46
14 22
20 18
3 6
6 12
23 20
74 92
5 10
29 34
34 30
7 14
4 8
8 16
25 16
25 16
4 8
25 14
25 12
10 20
18 26
19 14
19 28
4 8
2 4
35 32
24 14
6 10
9 18
5 10
2 4
24 16
19 30
23 24
27 42
8 14
28 28
24 16
14 24
34 44
21 24
18 20
171 16
29 36
46 46
9 18
10 16
7 14
2 4
15 26
55 48
42 44
32 38
53 58
69 44
3 6
8 14
22 40
9 16
44 50
6 10
70 62
19 26
11 22
30 44
18 26
9 18
21 30
14 24
72 62
15 26
11 20
13 24
5 10
31 44
65 50
19 26
6 12
15 26
13 22
48 56
9 16
37 40
27 36
39 40
14 22
16 24
27 30
15 22
9 18
24 38
6 12
15 28
17 26
26 40
30 34
9 18
18 22
13 26
4 8
3 6
58 54
10 20
58 52
20 30
3 6
3 6
13 24
39 40
14 26
31 44
20 34
11 18
5 10
21 32
11 18
31 40
9 16
14 26
15 30
29 38
15 26
36 42
9 18
15 30
16 28
28 42
16 28
19 28
37 42
38 34
3 6
10 16
19 32
17 32
19 32
35 48
53 54
14 26
19 30
41 46
4 8
10 20
30 38
5 10
14 24
5 10
8 14
24 34
21 30
15 24
19 30
8 16
27 32
8 16
13 26
38 44
2 4
6 12
21 36
17 28
67 56
16 30
21 24
10 18
19 28
33 38
10 20
9 18
11 22
27 42
40 44
10 20
25 40
17 32
38 48
39 42
10 18
16 22
57 44
59 50
7 14
12 24
46 48
80 52
35 50
56 52
16 24
5 10
16 28
44 40
21 32
13 24
14 22
23 30
16 26
28 36
3 6
38 48
14 20
15 22
24 36
7 14
28 30
22 34
31 40
11 22
5 8
5 10
45 48
4 8
5 10
40 50
13 26
6 6
3 6
3 6
11 18
25 42
12 18
6 12
5 10
6 10
9 14
5 10
8 16
8 8
8 10
8 12
7 12
8 12
2 4
12 18
5 10
11 16
7 10
9 16
8 10
9 16
2 4
5 10
10 14
9 16
7 12
10 16
14 22
8 16
2 4
2 4
5 10
5 8
7 8
127 68
67 94
39 38
4 8
14 20
35 22
47 50
35 28
4 8
18 34
79 92
14 26
33 42
13 20
6 10
2 4
10 18
45 82
17 32
36 64
148 128
131 84
2 4
30 34
14 28
107 105
31 58
9 18
46 64
168 126
22 42
76 86
10 20
6 12
53 46
16 26
64 86
26 40
83 80
8 16
38 50
8 14
30 28
18 26
18 34
55 72
66 46
13 24
38 58
5 10
167 128
116 104
39 52
24 40
11 22
21 40
85 71
110 102
56 54
11 16
11 20
66 64
25 20
47 74
104 111
14 28
28 46
34 26
27 44
17 30
116 95
108 111
41 70
33 34
16 22
35 46
22 38
19 36
12 20
55 56
25 34
27 44
105 112
11 18
129 114
48 58
69 85
63 73
43 46
8 14
12 22
7 14
42 46
36 54
30 42
20 40
32 30
155 109
28 54
67 90
5 8
97 86
10 20
78 87
17 26
40 68
5 10
96 101
121 94
15 22
143 119
17 34
9 16
58 72
37 62
33 46
33 54
13 24
100 78
37 52
10 18
150 118
52 52
59 52
59 46
62 76
5 10
10 20
86 98
30 50
81 93
4 8
68 80
80 93
12 20
5 10
80 54
18 26
4 8
27 50
59 64
38 60
6 12
28 48
68 87
49 60
16 28
13 20
29 42
13 24
4 8
66 79
107 109
83 93
12 22
47 66
64 82
9 18
55 71
15 28
66 92
6 12
8 14
166 94
52 64
11 22
23 44
23 42
28 34
3 6
69 52
77 70
50 82
22 34
79 88
4 8
27 34
11 20
64 82
81 89
143 97
16 28
184 101
124 94
61 80
31 38
58 58
107 99
16 30
67 64
206 144
8 14
15 28
15 24
14 26
21 34
51 86
10 20
12 24
25 36
2 4
37 26
24 32
57 32
65 54
124 97
52 42
9 18
110 66
5 10
28 50
142 113
44 38
39 52
71 87
10 14
55 62
48 56
39 58
37 46
30 50
123 95
36 24
2 4
52 50
25 38
50 52
72 102
131 134
118 101
199 120
22 40
99 93
61 46
67 81
33 52
143 99
7 14
12 20
69 92
34 40
30 22
15 24
25 36
10 16
19 32
34 46
15 28
22 34
2 4
148 108
6 12
66 66
103 112
15 24
7 14
18 34
140 89
10 20
46 60
100 105
6 12
67 84
62 74
89 100
20 32
9 16
101 85
28 41
27 52
58 66
29 46
7 14
20 34
37 64
25 46
114 111
116 115
19 30
133 132
3 6
16 30
14 28
46 44
46 66
90 90
67 74
35 50
159 89
157 94
18 28
21 24
33 48
39 50
40 46
111 106
98 72
10 20
5 10
50 70
27 50
16 22
84 83
218 100
5 10
59 70
10 20
9 18
108 90
103 100
2 4
73 84
4 8
77 81
41 54
174 113
27 32
21 32
115 124
44 54
37 28
48 80
12 18
55 79
10 20
72 86
143 120
23 42
3 6
31 46
36 54
85 70
24 38
48 60
126 112
75 70
30 22
3 6
16 22
108 68
44 60
61 68
153 111
10 20
8 16
21 38
94 77
113 116
13 26
41 32
36 62
25 48
9 18
16 28
138 108
13 22
4 8
4 8
7 10
125 106
136 103
56 64
43 74
48 54
39 44
69 42
3 6
7 14
6 12
32 58
14 26
121 87
12 22
127 104
3 6
97 88
85 94
65 70
26 44
58 60
3 6
125 72
37 50
45 50
77 98
42 50
69 50
33 62
61 66
56 57
24 40
67 76
93 81
86 93
88 95
114 91
56 58
49 73
23 34
6 12
26 44
7 12
72 50
32 46
32 42
7 14
108 93
49 52
39 52
105 94
27 48
32 40
21 32
44 52
28 40
25 36
81 99
35 50
27 30
45 56
33 40
22 38
42 58
28 22
65 46
26 40
91 52
78 86
41 48
19 30
3 6
50 82
21 32
137 127
123 96
147 117
43 58
34 18
101 130
129 98
56 69
37 60
69 92
101 95
64 68
124 107
11 18
38 66
92 81
98 60
6 12
75 82
38 44
43 56
34 56
68 83
235 78
4 8
6 12
38 48
21 24
32 46
78 50
85 101
38 48
138 140
4 8
22 22
13 24
43 71
67 78
167 104
11 16
54 78
113 87
38 42
8 10
74 74
43 52
75 65
183 110
191 117
33 22
52 50
86 83
28 40
42 40
5 10
13 26
16 32
2 4
10 18
85 100
47 60
194 93
176 122
38 52
54 73
3 6
3 6
55 34
17 24
45 70
179 114
23 38
13 24
75 90
10 18
51 48
51 80
32 38
38 57
35 58
107 126
22 32
11 22
23 42
61 64
9 18
31 42
112 87
6 10
22 36
25 44
149 105
25 36
15 22
62 74
20 30
35 56
65 64
67 80
30 46
39 56
3 6
221 102
56 64
24 32
16 30
57 92
31 58
57 84
35 42
22 36
29 46
17 32
6 12
10 16
33 52
10 20
37 50
143 108
53 60
91 95
24 40
32 38
35 22
29 46
53 48
6 12
133 100
63 65
34 64
103 70
47 82
9 18
85 44
11 20
27 42
109 112
2 4
125 106
32 20
58 68
72 86
170 123
91 50
55 92
5 8
73 76
6 12
10 18
18 26
85 62
94 128
18 34
50 56
97 84
23 42
48 74
6 10
64 88
136 120
23 40
10 20
126 86
14 28
27 22
27 36
68 50
49 68
30 50
7 14
13 22
30 44
19 36
71 78
29 40
59 64
60 72
9 18
38 58
34 32
132 120
5 10
31 34
35 56
53 78
36 46
70 66
160 90
37 60
15 30
34 59
118 109
7 8
157 118
70 93
42 67
58 78
23 42
13 26
71 91
43 74
106 96
23 42
40 64
36 30
34 54
65 78
83 94
20 40
73 98
80 99
70 113
34 40
56 78
34 58
16 30
44 72
4 8
123 95
39 30
50 74
39 50
172 105
8 16
38 60
161 100
36 48
26 37
152 105
3 6
187 96
2 4
26 44
11 20
113 102
17 32
45 62
21 26
34 42
30 20
49 74
125 102
61 78
44 52
90 74
68 66
21 40
67 46
171 84
37 50
6 10
84 98
2 4
42 28
98 58
212 124
21 40
4 8
54 58
24 38
206 92
89 114
96 82
26 38
33 44
17 32
40 54
78 58
113 87
137 113
12 22
118 104
33 22
13 26
146 88
149 130
91 81
32 42
6 10
118 96
93 95
180 105
73 66
191 91
183 104
72 97
25 30
51 54
118 105
25 48
115 93
129 134
190 102
178 129
101 88
36 52
26 38
38 56
4 8
83 58
23 26
68 78
10 20
80 83
24 34
39 42
35 54
78 62
100 100
35 52
79 104
9 14
15 30
29 54
101 97
70 85
57 56
19 36
51 58
26 20
36 52
22 42
5 8
82 89
75 77
8 16
57 56
35 52
6 10
20 40
83 73
25 32
81 56
147 100
236 87
7 14
128 109
37 62
28 38
123 99
138 91
12 24
33 46
26 40
41 56
26 46
118 112
17 30
37 50
19 36
28 44
62 60
26 40
39 56
124 103
793 10
94 107
36 52
44 54
96 111
125 107
3 6
61 66
51 70
4 8
35 50
31 40
13 24
9 16
20 24
43 58
18 36
8 16
46 66
71 54
26 38
28 34
43 60
186 98
11 20
63 76
16 31
6 12
106 91
5 10
188 89
66 60
61 68
140 119
156 128
20 34
50 70
116 94
57 76
50 74
60 73
52 76
22 36
33 60
33 50
81 58
227 106
9 16
49 44
39 28
50 79
110 89
157 118
80 84
27 50
15 28
38 40
105 109
80 54
27 36
38 40
20 40
203 70
23 28
14 22
14 26
127 91
51 42
116 89
83 90
58 79
3 6
17 30
132 112
28 50
7 12
4 8
122 125
5 10
33 46
26 44
67 86
41 48
37 46
210 113
26 50
48 62
21 32
62 77
24 34
41 68
9 18
6 10
6 10
39 54
23 44
21 34
27 50
68 78
122 66
18 32
31 56
98 70
39 38
11 16
104 94
39 56
132 127
7 12
146 102
58 86
90 89
72 83
6 12
35 22
153 103
246 80
24 36
13 22
26 40
196 97
23 42
33 46
52 80
15 28
114 91
103 98
64 76
45 48
157 125
11 20
25 42
132 97
16 22
31 60
89 99
68 46
28 48
13 24
128 98
59 52
30 38
103 105
202 86
57 66
17 22
17 34
43 58
47 61
192 98
2 4
183 95
26 50
39 26
7 14
166 113
11 18
50 52
120 118
41 66
71 68
102 133
39 68
27 40
37 36
120 99
30 52
43 70
23 42
13 26
3 6
7 14
5 10
74 66
30 52
47 60
18 30
100 101
55 62
50 74
108 116
9 14
32 44
124 93
122 93
16 24
24 30
83 54
51 58
42 50
14 26
29 50
57 62
65 71
36 40
151 96
33 28
54 90
52 48
19 34
33 40
29 56
106 100
12 22
255 80
16 28
7 14
72 78
13 20
84 72
64 54
38 24
10 20
37 62
102 89
80 66
27 40
15 26
131 89
41 56
31 42
12 22
23 34
31 46
11 20
42 62
32 40
40 62
756 20
20 36
48 32
12 24
80 82
191 46
162 60
56 44
124 66
41 44
16 30
57 76
7 14
126 88
135 106
56 40
24 26
152 60
14 26
40 44
96 66
12 20
13 24
51 42
23 26
5 10
190 42
80 80
94 76
224 98
40 56
193 50
30 44
147 66
192 46
121 80
109 72
9 16
13 22
65 38
18 36
124 68
94 96
93 76
9 14
40 28
35 40
121 98
44 50
8 14
188 52
87 100
97 100
21 34
173 68
3 6
36 44
5 10
73 94
177 60
71 54
66 60
8 16
37 48
40 52
10 20
16 14
177 70
58 40
56 56
20 38
200 64
179 52
225 72
154 86
37 52
25 36
88 76
21 24
50 42
16 20
204 38
65 62
64 44
5 8
136 84
55 38
35 48
34 40
61 32
86 92
49 54
51 40
156 78
53 42
172 102
8 16
46 46
85 66
41 38
16 26
10 18
11 14
6 12
19 28
8 14
56 44
20 26
159 68
32 60
51 48
26 38
54 38
31 28
97 108
45 42
107 64
35 56
188 40
54 74
148 74
174 70
9 16
31 38
22 34
174 90
124 104
113 72
153 90
9 18
97 84
175 68
26 44
177 56
124 72
206 96
18 36
38 40
24 30
10 18
107 80
116 74
164 74
74 90
116 118
43 62
77 76
194 38
107 108
49 42
77 82
142 78
187 58
27 42
10 18
34 42
142 80
169 84
14 24
124 60
130 80
196 38
163 62
49 46
18 22
127 86
205 30
2 4
10 18
173 76
19 32
148 72
142 100
31 48
137 76
157 66
199 42
24 34
190 44
35 50
44 62
178 64
8 12
155 72
22 36
39 32
118 94
17 34
7 14
72 72
133 96
185 54
182 48
12 24
5 10
38 58
165 60
136 82
44 48
185 64
161 74
11 20
16 30
137 86
66 70
143 114
189 40
16 28
24 40
159 70
147 72
204 38
170 60
122 76
55 66
113 90
93 110
39 54
12 20
199 44
95 84
160 110
86 82
89 68
75 92
50 76
139 74
179 40
172 60
25 36
222 62
103 92
79 64
44 66
25 42
42 68
91 64
129 84
193 58
87 64
19 30
140 64
161 78
42 62
28 52
40 34
11 22
49 36
25 40
83 74
16 28
32 50
93 90
129 86
10 20
6 10
4 8
110 84
19 22
67 40
194 42
31 40
121 82
9 16
118 110
12 16
4 8
95 102
115 80
18 32
9 16
135 62
187 44
18 28
19 28
149 58
195 50
114 98
169 64
89 66
42 36
15 28
110 82
2 4
111 68
23 40
56 76
176 84
174 66
191 38
50 38
101 78
5 10
15 26
211 32
23 28
23 34
37 50
99 84
55 74
141 70
104 90
28 46
59 70
134 82
14 24
206 34
6 12
196 40
42 54
47 52
117 94
130 76
43 46
52 78
8 16
33 46
208 48
6 12
37 48
72 98
223 62
30 40
71 70
38 52
125 82
14 28
45 74
202 38
120 74
41 62
60 62
201 40
8 10
96 78
123 106
19 20
20 34
110 82
10 20
11 14
158 84
91 78
11 20
8 16
156 88
50 68
56 86
21 36
130 90
15 28
8 14
76 90
12 22
235 58
84 88
131 112
2 4
16 20
181 48
30 46
92 72
36 46
186 44
155 66
17 32
175 72
130 76
60 70
10 12
155 72
162 84
57 42
56 74
25 28
69 82
22 42
161 104
185 46
18 28
143 86
55 58
123 88
24 34
35 52
39 44
18 32
156 62
123 102
11 14
124 82
30 42
67 82
17 32
114 92
142 74
157 58
200 52
24 42
52 76
17 30
86 66
20 22
74 64
11 22
37 48
38 52
123 90
17 20
8 16
47 62
184 52
198 54
80 96
181 54
126 84
167 88
125 82
49 64
191 60
104 82
161 82
140 90
35 50
151 80
36 40
110 66
183 66
199 34
27 42
29 46
80 76
122 90
53 80
37 38
292 86
152 78
19 24
29 56
111 64
169 66
87 92
178 52
31 56
173 54
14 26
7 14
148 76
13 24
46 54
26 36
168 66
66 34
56 42
37 46
51 66
80 98
198 42
159 66
37 42
106 84
13 24
169 56
7 14
180 64
95 76
51 44
37 48
4 8
177 48
3 6
25 44
189 70
58 80
140 74
51 66
7 14
29 50
50 48
73 92
93 108
33 48
96 74
180 56
70 68
36 52
109 92
78 98
20 32
22 28
16 26
18 24
171 88
21 34
37 46
90 82
154 70
179 58
208 44
33 54
32 46
18 30
184 52
42 42
38 46
71 74
118 76
110 96
82 56
9 18
6 12
166 64
12 24
37 52
19 26
26 42
192 60
87 96
147 86
6 10
29 38
148 74
92 92
28 40
95 74
6 12
69 74
11 18
35 42
5 10
4 8
24 44
17 22
71 66
162 68
50 40
34 40
47 68
13 20
110 80
11 20
15 30
17 26
17 34
9 18
2 4
100 76
47 50
170 56
125 82
97 102
127 60
203 28
61 58
12 18
131 88
178 128
136 66
2 4
133 74
78 84
50 72
27 48
98 84
37 54
114 102
94 96
47 48
28 44
4 8
161 60
4 6
127 78
138 90
19 24
10 12
40 52
109 86
16 26
122 90
179 58
7 14
40 44
146 84
23 40
26 32
95 86
94 118
182 50
77 98
44 68
17 18
152 76
6 12
125 90
202 42
99 76
135 88
139 76
141 70
106 108
16 24
10 20
14 20
89 74
7 14
49 76
36 46
166 70
142 82
15 26
18 30
14 28
36 44
192 74
5 8
8 14
37 64
30 46
24 42
107 82
100 84
19 20
12 18
64 84
96 84
57 44
141 90
32 50
3 6
197 68
295 98
31 52
10 20
145 88
55 74
9 16
162 66
163 66
159 82
113 80
174 56
94 86
136 70
132 86
32 50
23 26
166 58
202 58
156 92
15 24
111 74
189 56
5 8
27 42
117 70
12 22
2 4
22 42
31 46
20 36
153 70
104 100
142 90
46 72
21 30
165 54
117 92
7 14
25 46
102 70
47 34
16 22
41 38
188 38
20 32
92 76
80 70
198 44
97 94
126 84
186 50
95 94
4 6
2 4
106 74
165 52
15 26
183 66
191 46
199 54
69 78
197 42
18 28
76 80
196 42
100 92
50 54
52 68
208 58
29 44
32 54
18 30
186 48
101 88
115 76
24 36
165 76
56 36
7 14
22 30
131 82
189 52
187 48
35 36
42 48
29 34
128 82
174 66
117 90
8 14
42 42
6 12
21 36
39 44
36 52
167 58
38 34
57 40
20 32
128 116
101 72
28 42
55 40
136 92
49 42
49 44
123 70
19 22
8 16
50 46
73 70
152 68
169 60
17 28
53 32
37 34
59 54
39 40
100 60
38 58
27 46
84 62
51 82
62 54
21 42
35 60
98 56
20 20
7 12
38 40
30 46
71 46
39 50
84 60
16 30
10 18
94 68
54 44
46 70
17 30
79 74
29 36
13 26
25 36
22 34
12 24
68 76
32 58
4 8
6 12
19 38
94 60
12 20
20 36
17 32
70 66
14 22
16 32
27 32
25 42
19 18
3 6
28 44
68 72
16 30
35 48
13 24
14 24
32 54
45 58
32 46
4 8
33 60
96 96
55 36
38 58
101 76
50 62
7 12
4 8
13 24
71 70
9 18
18 34
14 26
39 54
64 70
90 92
30 48
9 14
25 40
27 52
20 38
6 12
22 40
84 70
32 44
3 6
58 70
117 64
52 56
14 26
34 52
16 26
14 24
76 84
54 66
86 60
36 62
8 14
53 60
123 60
90 64
46 46
84 64
47 58
23 40
12 24
29 56
22 40
64 82
26 48
48 30
14 24
7 12
29 48
13 24
42 34
15 26
35 64
58 60
7 14
28 38
7 14
84 58
96 74
20 30
60 88
67 82
99 64
34 52
29 54
45 74
103 70
50 82
3 6
20 36
10 20
13 24
4 8
100 70
20 30
25 44
61 64
28 40
4 8
9 10
83 62
11 20
11 20
23 44
10 16
9 14
51 72
23 40
4 8
20 36
59 68
8 16
26 48
28 52
3 6
58 56
12 20
6 12
17 32
25 42
16 30
14 24
15 28
39 52
7 12
21 40
11 22
76 64
79 58
29 36
23 40
19 34
31 58
83 78
10 12
45 64
32 56
15 26
5 10
138 68
34 56
32 52
2 4
30 38
30 56
27 50
28 42
13 26
22 40
82 62
34 44
23 44
12 22
63 52
37 60
5 10
19 38
3 6
18 30
21 40
4 8
12 16
72 64
105 60
76 70
40 54
79 72
81 70
22 44
71 74
23 44
43 62
77 62
74 70
48 54
53 72
15 28
105 70
12 22
17 18
67 54
46 74
11 22
16 30
7 14
5 10
11 20
41 52
16 26
20 26
89 70
23 32
30 42
9 18
62 72
10 18
51 74
55 62
9 18
7 12
12 20
78 78
8 14
9 18
73 98
75 74
93 66
33 42
28 38
78 68
84 60
70 54
62 66
76 74
42 68
92 84
88 64
19 32
21 28
71 68
75 72
41 64
4 8
17 32
41 62
80 52
11 16
93 64
87 76
49 60
9 14
54 70
41 54
15 24
21 38
13 20
61 72
64 68
21 40
70 46
65 80
12 24
11 20
83 64
107 82
55 60
60 92
18 32
22 38
21 34
49 74
103 84
4 8
35 48
14 24
45 72
97 74
15 28
43 76
18 22
93 74
12 24
20 34
5 10
19 36
18 34
108 70
23 34
14 22
72 70
45 36
5 10
18 16
74 64
60 58
4 8
42 66
34 44
26 44
19 32
6 12
24 42
16 18
18 28
25 38
61 48
101 62
28 40
64 64
59 62
14 28
62 54
73 70
57 56
66 62
16 28
40 70
15 22
4 8
31 50
92 58
36 56
73 108
5 10
54 70
44 82
3 6
25 42
17 20
20 38
33 60
43 70
12 16
25 44
44 48
11 22
30 52
71 76
31 46
71 90
38 64
51 40
81 58
36 48
15 30
55 66
97 82
67 84
13 22
53 56
9 16
2 4
23 36
89 68
44 74
91 62
39 68
4 8
89 84
23 32
52 50
28 48
21 40
18 36
7 14
9 16
38 58
51 52
16 30
77 44
17 32
102 86
51 86
11 14
84 70
7 14
79 60
18 28
16 28
6 10
79 84
15 28
33 54
12 20
65 46
54 58
15 24
14 28
17 24
17 34
63 52
2 4
47 80
63 62
7 14
24 44
87 82
56 62
100 56
40 50
29 54
26 50
117 64
11 20
77 76
53 60
38 46
52 74
11 22
53 72
109 80
7 12
12 22
17 34
8 16
16 30
77 48
42 74
66 52
11 22
35 58
123 66
50 46
21 32
84 72
13 20
63 60
52 78
64 54
19 34
18 30
53 70
13 26
69 68
47 68
62 74
104 62
64 90
45 72
70 70
72 66
5 10
10 12
34 48
31 54
3 6
9 16
7 14
11 20
36 60
14 26
9 14
85 54
11 20
3 6
36 40
63 82
50 76
20 34
22 42
72 92
12 18
57 62
5 10
17 34
70 80
62 46
6 12
31 52
67 62
90 86
15 30
86 78
12 22
92 98
13 24
14 28
16 30
53 56
8 14
31 50
7 14
58 70
24 38
11 18
8 16
39 52
18 30
49 56
62 46
26 42
20 40
73 70
19 34
75 70
7 14
28 40
42 62
26 46
69 68
9 14
9 14
69 70
2 4
62 86
81 86
24 46
35 50
52 78
20 30
13 24
41 64
17 32
28 50
18 34
73 66
41 60
9 18
87 94
23 40
12 16
93 54
12 24
32 52
48 56
16 32
52 52
42 48
16 32
25 40
15 24
26 40
36 52
37 56
64 84
26 48
8 16
7 12
10 12
40 52
55 60
27 48
16 30
24 40
56 62
29 48
80 54
6 12
37 48
15 28
2 4
29 42
106 62
64 76
34 56
9 18
22 32
29 52
42 54
63 50
67 80
20 30
16 32
28 36
15 28
15 22
15 28
67 54
32 54
15 28
35 42
10 16
87 66
52 78
13 24
33 42
64 66
43 60
48 64
32 46
29 48
55 62
25 34
59 88
32 40
49 46
9 18
73 62
3 6
10 20
7 14
6 12
45 80
27 34
64 96
30 56
21 40
72 52
20 30
26 50
108 62
13 20
3 6
17 20
71 52
28 32
24 40
49 66
49 82
20 36
6 10
120 74
13 24
61 68
24 40
47 58
42 64
64 44
46 76
61 76
19 32
41 58
68 92
37 54
36 54
6 12
23 38
20 32
10 20
19 20
6 12
12 18
18 32
33 58
17 22
15 30
40 32
8 14
21 22
27 48
114 102
70 70
9 16
8 14
88 98
20 20
17 34
51 78
19 38
20 40
94 76
37 60
63 62
8 14
10 20
66 80
8 14
25 36
10 14
74 66
17 30
32 60
69 94
15 28
77 64
66 82
36 52
77 68
85 58
13 26
83 90
85 56
14 22
63 74
10 12
55 54
21 28
16 32
12 22
19 30
75 88
15 28
76 86
132 48
50 52
47 66
63 80
12 16
10 18
44 52
7 12
16 22
8 12
18 36
17 28
4 8
9 12
32 48
61 64
26 42
22 40
55 50
18 18
18 34
50 44
54 76
53 74
98 68
11 18
8 16
26 48
54 54
18 36
20 36
32 56
39 58
77 86
116 90
9 18
38 56
36 58
9 12
16 20
53 84
19 32
14 26
71 78
3 6
3 6
17 32
17 24
63 82
46 58
4 6
19 30
30 48
54 44
90 64
11 20
64 56
24 32
21 38
41 58
17 20
8 14
11 16
114 90
10 14
9 18
6 12
22 42
24 46
7 14
66 58
108 66
50 56
8 16
548 20
25 38
10 18
27 42
7 14
46 44
23 32
6 12
8 16
12 22
7 14
48 44
46 46
19 32
2 4
17 28
2 4
15 30
39 38
52 54
7 12
21 38
16 28
29 40
9 16
21 38
25 38
32 48
17 24
27 44
4 6
30 42
29 40
17 28
26 48
16 24
18 24
19 30
33 56
16 24
7 12
18 22
16 14
26 42
15 16
14 24
14 26
16 24
20 34
31 36
11 22
48 40
6 10
16 22
24 38
10 20
20 30
5 8
57 66
20 40
25 32
19 26
22 36
21 26
51 44
9 12
14 26
9 18
26 38
49 48
10 16
25 44
23 30
21 28
23 42
14 24
7 14
42 46
12 22
15 16
18 30
34 38
18 26
11 22
59 46
10 20
15 14
17 26
37 48
31 46
24 34
37 42
36 44
9 16
10 18
16 26
16 28
24 36
20 30
12 24
5 10
21 24
11 18
35 44
13 20
34 46
11 18
6 12
84 46
17 26
14 28
9 18
16 26
20 38
10 20
8 14
34 40
22 30
21 40
14 28
32 48
39 50
28 46
4 6
15 28
16 14
18 30
18 32
5 10
10 20
15 22
36 54
27 32
2 4
18 24
9 14
23 44
16 26
4 8
43 54
53 48
25 40
17 24
10 20
13 16
4 8
11 20
50 58
9 16
45 54
18 20
5 10
3 6
28 36
20 26
14 28
48 52
13 18
15 20
87 56
4 8
12 18
34 36
8 16
22 32
18 24
10 20
77 64
40 60
6 12
9 18
20 26
28 32
16 28
58 54
20 38
16 14
11 22
21 32
13 22
34 54
21 22
5 10
17 28
12 24
13 24
20 28
15 24
38 46
9 18
20 36
24 32
38 40
14 20
11 22
7 14
66 52
23 26
28 42
26 32
6 12
12 20
13 12
43 54
11 14
24 36
25 26
14 24
19 30
18 28
9 16
22 34
16 14
2 4
33 44
8 14
5 10
13 22
16 18
23 30
14 22
17 26
11 18
7 14
7 14
18 30
15 26
11 20
7 12
10 16
24 38
12 18
8 12
23 34
10 20
48 70
5 8
39 48
15 20
6 10
51 58
6 12
14 22
44 58
11 22
10 16
18 28
68 68
16 22
5 10
34 34
3 6
4 8
27 42
4 6
39 42
30 40
6 12
16 14
16 18
22 36
19 28
4 8
8 12
16 22
39 44
16 28
3 6
39 54
26 38
25 30
16 22
2 4
27 30
30 36
9 18
27 28
27 38
15 18
8 14
4 6
28 38
24 36
11 22
31 40
34 40
9 18
7 14
20 24
16 24
7 14
29 28
2 4
29 40
41 46
3 6
4 8
50 52
17 20
13 20
40 48
31 44
16 22
28 30
19 28
6 12
20 24
4 6
7 14
3 6
23 32
2 4
7 14
30 42
7 14
20 38
26 30
9 16
9 16
62 72
18 24
45 50
20 30
18 30
22 30
18 30
13 26
30 50
5 8
11 16
11 22
24 36
14 20
11 22
8 16
9 18
15 22
19 26
10 20
20 26
11 22
14 22
20 32
17 30
5 8
33 42
14 18
13 22
20 36
22 32
6 12
13 18
9 18
46 50
22 30
16 26
50 38
36 48
6 10
12 20
44 48
2 4
15 26
50 50
4 8
17 24
22 36
50 52
6 12
7 14
3 6
3 6
17 24
36 44
4 8
8 16
8 12
9 12
16 18
4 8
13 26
15 26
14 20
2 4
27 40
31 40
15 26
51 44
28 44
33 38
9 14
29 50
38 54
109 70
26 38
13 24
33 38
8 14
27 28
23 34
18 26
62 60
6 12
13 22
34 42
42 56
9 18
6 10
21 36
3 6
14 22
7 12
6 12
21 34
60 56
23 36
2 4
3 6
16 30
2 4
12 24
33 46
7 14
38 46
17 34
20 28
12 18
8 12
5 10
20 30
27 24
19 22
33 44
27 38
9 16
15 28
39 44
15 20
3 6
10 16
56 68
11 20
3 6
11 20
19 30
5 10
16 14
35 38
3 6
30 34
6 12
11 18
16 24
6 12
25 42
14 18
7 14
10 16
14 28
22 30
5 10
17 16
8 16
35 42
9 18
43 54
19 28
8 16
9 18
45 44
27 26
8 16
23 30
5 10
8 12
16 20
19 34
9 18
23 32
8 16
16 26
32 38
13 16
17 18
31 30
3 6
8 16
42 46
6 12
44 48
25 46
4 8
16 32
48 62
23 42
9 16
23 30
11 22
2 4
7 14
15 30
84 56
5 10
12 20
8 14
3 6
26 34
14 26
35 42
5 8
33 34
60 52
13 20
17 28
36 40
5 10
5 10
5 10
4 8
25 38
19 24
10 20
3 6
18 20
8 16
40 44
7 14
16 22
5 10
48 52
17 20
47 50
26 34
7 12
48 54
19 30
9 16
2 4
16 22
16 24
7 14
5 10
13 22
60 24
9 18
15 18
3 6
2 4
7 14
10 12
3 6
8 14
7 12
5 10
4 8
4 8
7 14
12 22
10 18
5 10
12 22
15 26
5 10
10 14
3 6
8 14
6 10
11 16
4 8
3 6
5 10
2 4
11 18
2 4
5 8
3 6
7 10
13 16
2 4
5 10
10 16
8 16
9 18
9 14
12 18
2 4
19 22
2 4
5 10
10 14
8 16
3 6
3 6
20 26
12 20
3 6
4 6
3 6
2 4
3 6
5 10
10 16
