926
620
1072
1454
1230
2959
1889
5702
7234
1888
7058
8042
1019
2999
7390
7348
5963
5629
8063
6912
5812
10045
4314
3261
10192
5009
1831
5547
10612
10738
5397
7599
5541
9331
1417
273
625
3212
1749
5196
4825
9726
7862
5690
10420
2801
7978
3406
8107
5275
10416
7121
7776
2404
7981
6748
7675
4903
4608
873
9673
5150
1917
7401
4972
8075
4620
909
10342
8948
9499
2843
9225
4599
7578
5920
7043
5652
10549
6957
8216
8193
10594
5562
9337
5890
5276
10364
7863
1452
6904
4722
1428
1937
1829
2303
1813
2894
927
880
262
5826
108
168
1276
1091
1985
1549
831
662
1612
6472
3624
3670
8370
2115
3262
3210
1627
3296
1647
1675
6254
6399
3627
1654
10775
10139
9501
4126
9475
8142
7603
9583
7762
2966
680
5343
5841
5558
689
9990
690
7172
9158
5579
5214
7557
2869
1809
4842
1681
10476
1167
2560
4575
9974
2522
688
3980
2643
9755
238
220
2305
4759
4399
8993
5420
6492
8620
6060
451
8436
2547
318
7732
7876
196
1610
3637
1856
8648
6416
2187
6130
3321
3965
9901
4556
8691
7833
1308
2408
2195
10885
1674
8775
4053
3171
4184
8763
3442
9344
5966
1158
8412
5993
3348
9798
512
2747
8692
10379
2494
3578
6125
2200
9355
1370
8354
6283
341
4968
3484
6510
6469
3533
3324
8506
6081
3274
6078
4490
1350
3911
4044
9821
9842
2654
3998
9892
4495
3962
3974
4134
4448
3845
678
1210
918
362
148
368
176
375
9962
155
3940
1624
10547
10450
10894
1733
3090
6051
3654
8347
392
4231
6516
8492
6839
10285
5152
5218
2785
1183
3003
10755
10526
9940
8313
8098
5637
6895
9557
5177
5198
8018
389
5894
10037
7142
9345
10340
9998
5362
8224
5163
4936
9558
10041
10810
1959
10825
8154
9751
10645
9752
9551
1408
9207
7513
7694
7441
6899
10096
10093
10463
10776
1188
8111
2094
227
9882
10609
1855
1009
2096
175
10511
7871
5585
2492
1453
5184
7948
5006
9540
2014
7906
3022
1851
9925
4459
5484
2467
5768
9677
739
7368
5313
10090
1725
10766
5456
1443
2955
6985
5548
9112
10797
10513
2823
10272
1117
1893
8105
5687
7986
2787
2863
8217
1198
4254
726
2791
2805
7575
5102
5844
10191
548
2328
10436
9371
10007
735
8151
7150
10111
7210
7495
7598
5060
5359
7931
5938
9307
9579
7463
6936
5034
4618
1919
7060
2822
3017
4658
7126
10560
2357
1460
10417
5575
6922
5952
9986
5445
9619
728
1662
8772
3298
3165
3398
1347
6062
3843
4543
455
1322
2601
4754
10355
4327
3485
5264
4594
2335
6189
1456
3600
4551
3207
6941
10669
5534
5058
2561
9363
583
2366
2839
10363
1232
7837
7184
5308
9709
4752
9316
3031
9735
9780
9736
10377
5884
10531
10833
5544
7300
7222
3955
6852
9757
2067
9190
1962
9929
954
10398
10205
10763
4325
8271
1078
10336
9683
2034
2775
2774
424
3667
4682
4310
1372
7127
7494
7561
10334
10117
10278
7266
8041
9730
9304
7735
10499
991
7602
260
4861
767
9178
1923
5798
5268
9272
2493
1525
8231
441
6491
2837
1836
1848
1995
5669
7827
2998
7227
8131
7916
5436
5371
7146
4739
2143
730
1089
7727
476
5265
7280
10591
1040
4574
7909
2732
7149
9530
7585
8296
2311
2019
1302
9560
1304
2739
5050
7979
9174
9665
10650
9141
7326
615
7079
10164
5256
7324
10335
5953
1083
7545
5385
1899
1233
9230
1699
8027
10787
10624
2359
9120
2320
2443
7564
2089
1200
7989
5288
505
9753
5115
9767
10780
9476
6119
8148
10654
1822
1758
3954
5816
5144
5981
9609
905
5673
8120
7321
8930
8115
10253
8000
4817
3889
865
7806
8127
4720
7584
9928
9961
7455
7049
5171
1418
10688
4619
8208
7644
5822
7055
9550
9107
5901
5732
10217
1933
7323
553
7972
3025
1965
5591
9403
5960
9051
7642
10486
1918
5490
10805
10691
10758
7433
2973
7769
9952
10632
2858
5545
7987
2291
7654
10402
7991
2360
8121
10033
10079
8116
6979
2292
5898
8156
10823
4907
7493
9838
2800
10592
1023
9229
9245
7473
5599
9380
6946
2994
9738
10455
286
10283
2993
2893
8324
1992
9778
10330
9603
48
614
5192
7992
2772
5809
7454
9926
4323
5509
10477
8274
2856
7317
7065
10092
3014
10658
1964
8112
10674
9748
8060
10017
8096
10519
1020
5622
9968
1967
2481
7510
4638
9975
9332
2954
10734
7677
10565
5020
3713
5676
5119
7453
9524
10443
10444
2992
10091
5724
2356
1045
7546
10764
10085
5714
10743
9724
4450
9662
673
191
9361
7660
4466
4793
9803
2996
7076
1770
10559
2581
9732
4409
2557
7115
7689
4701
5368
9532
10642
7048
10540
8007
2832
1422
5603
10844
1215
4647
7502
7905
3322
1126
7405
1994
4893
2013
6896
8277
5954
10567
2842
9281
7272
4688
1028
7659
5461
2695
2579
163
5680
2402
1991
5628
7959
5245
2082
4690
5708
4951
10399
2387
7208
4896
7511
19
157
8488
2257
6621
4351
3976
10682
7676
3585
3290
967
5051
5626
5322
4923
9416
1144
10128
4843
903
382
2227
8108
9323
2453
9590
10518
10251
10243
10190
2296
9774
7914
9388
494
6869
5372
7983
10046
5741
7023
4756
9758
5855
5536
5735
4991
931
2886
2326
5696
893
9474
5024
961
8250
5782
4844
7802
5925
5754
7081
7267
4674
782
6572
9341
889
5600
7516
5624
4580
2245
6053
8747
6188
6370
6777
8396
5806
1905
10814
9447
2812
8329
913
10671
10710
9794
1103
7895
10247
10305
10802
3690
5450
2664
9073
3479
4616
2746
9918
5614
4414
7118
419
3986
8729
4242
6574
4623
4801
3662
8630
6348
3413
8419
6173
5565
207
2915
4401
8782
6126
4245
6325
8133
1552
9820
6679
3364
8989
6224
1751
8882
7371
4996
7674
9863
1339
5081
1106
2275
542
6459
4338
8379
5005
772
3388
6005
5803
3112
4173
3726
3902
1401
3040
4131
6508
5866
7803
6475
8973
8687
10644
3334
3370
3342
8938
8230
1824
9742
8606
8688
5066
4806
4518
9470
1383
8816
9021
1359
8797
2106
2704
6121
1404
4188
6197
9047
313
10634
4174
506
4479
2554
8357
2262
3958
1548
8918
657
8465
1297
10696
6747
8832
3724
6431
2144
6644
46
7471
3697
9707
8444
4330
1393
792
1565
4811
7662
4989
9520
2544
7823
4667
2295
10381
2944
8051
7751
5935
2986
10649
2435
1806
4869
10148
2940
2928
5122
5246
7975
2103
3106
3352
3082
2175
2283
6016
3450
3385
9938
8632
5262
1867
39
3751
9028
1115
1074
6966
10354
1866
7400
2479
7286
9948
2733
4958
8279
7165
7402
9220
8769
9114
10585
1137
5950
9676
7529
5166
8479
5507
4834
5041
2976
138
27
1234
2918
1060
434
418
1240
1095
1227
2864
1685
661
1194
1171
2437
1970
3778
5805
5298
3896
2512
1989
195
165
979
7200
5909
7202
4962
447
517
1066
5827
7855
9572
1450
2543
940
7270
3178
394
5958
229
9641
5720
2995
1988
1783
8275
10221
1974
7082
5289
8166
5630
5569
9587
7960
5497
5703
7810
10426
8290
4589
5663
9434
9655
9945
2418
6954
9209
73
2521
3009
7312
2055
2073
7144
4736
7230
78
9367
5823
1968
9119
7248
4719
544
8168
7171
1922
10806
1386
1251
4627
2804
5650
7890
1775
10521
7528
983
5181
4635
9790
9523
5800
1820
8123
7696
5522
4857
8066
5428
571
8297
4668
5406
9352
9094
1882
2413
8240
497
2855
10146
1997
3846
9247
2885
10838
9921
2952
9606
7504
10309
2490
8165
9102
9098
10430
1697
2948
5574
2222
7010
7351
5977
10175
10777
10446
5190
2932
10240
7725
4645
4728
9449
8306
6858
7560
2846
5269
2029
7013
9536
9348
10667
4804
9604
4672
10410
4790
10717
4963
7318
9357
5164
2813
7669
7097
4332
9946
5355
1759
5281
679
6845
9653
9482
968
7467
1819
1130
10054
7410
7409
1963
4837
9441
5273
8167
2041
10015
9720
10663
384
892
8285
7851
9100
9314
2391
7792
5602
8262
7419
1181
2091
5248
9714
5874
9671
9369
8291
7933
1292
10812
10729
5479
7817
2556
1966
9515
8337
2352
5715
7119
9407
7589
7407
5206
8284
7549
8212
7995
4957
1429
4941
962
2951
5160
2939
8334
5088
7063
1767
4571
4740
9339
2953
9288
3482
9464
5611
2390
10836
8238
5294
5483
8201
4803
8061
10332
7865
10752
9291
7680
7167
7327
4999
9521
4646
9959
7288
9652
5467
4906
7131
8025
5460
9156
9960
9953
7649
4922
8093
10497
7099
5704
8040
10748
9487
9144
9740
9488
5421
10569
10747
1231
9955
10362
7218
4899
9967
5718
6996
7398
2392
4679
4744
4927
2300
5917
9218
1168
5888
502
6990
1178
10643
4341
2513
9401
8270
5146
192
2551
10082
10141
10147
8218
8346
10579
8650
6160
5856
9442
5764
4560
2790
9785
5040
7500
1801
4597
5284
2358
7841
7791
8249
10202
5499
9601
1081
3512
10619
1024
7320
10447
5080
5087
1720
7965
8113
939
10124
6991
9841
3573
5493
10145
7708
1413
10144
1191
9922
9276
4705
7519
753
4663
5290
7356
10086
4579
7770
6920
10678
6951
5028
1982
8183
5729
2421
185
7235
2549
10562
10835
1463
4611
7304
9978
7153
8139
9297
707
9506
10453
3401
1910
8150
2806
2401
1381
10483
5383
10261
5742
7073
8118
9261
7736
5494
5356
6950
224
10813
1961
1241
9198
9705
570
10721
10638
10566
5118
4235
3036
9417
2121
7006
7164
7786
5756
7093
3386
6591
1906
9408
3536
2797
272
3469
10724
6903
10824
10558
10818
928
8036
10653
82
5713
7197
4128
1904
9303
1309
7228
4395
10109
5642
4547
2460
10296
9350
9804
4581
8302
2935
8017
987
10670
1036
1729
936
9781
8873
3754
8178
9080
5661
9688
8322
5505
3191
7198
7098
5158
8181
9991
10006
10842
8055
2314
4642
10465
7374
4800
1027
7162
61
1772
5365
7799
7567
6932
5329
5035
116
7891
5101
8304
10370
4872
1012
9330
107
7254
5065
440
7794
10004
10059
10746
2025
133
2788
10290
10151
1826
9305
5416
10622
1216
5285
10712
6907
7681
9937
5623
10515
5796
5194
7970
4858
7178
9351
7362
1849
7625
10556
7630
4995
5515
7699
7298
7615
9095
4847
10110
458
1832
10022
10709
4841
10185
10258
7036
8525
8122
5755
1005
81
2030
993
4943
10210
7163
7743
4621
9471
7621
4870
350
6824
9555
2745
5410
2628
1400
4564
3929
1874
2011
1120
5415
9801
1682
6295
3365
9660
9565
5017
2080
7847
3978
2434
4085
1902
3935
605
1375
4138
10722
9586
975
1098
955
5346
6761
2287
540
3367
3173
3271
8811
3105
6688
6757
3356
3422
3810
8432
1650
5876
4256
3146
4077
9354
2744
4084
4394
4301
5566
748
3927
3462
3374
4125
8405
9062
8730
6064
1369
545
1306
1284
1788
143
336
1790
345
139
520
208
338
97
340
1196
4210
1011
6670
6733
9994
1892
5689
7387
10311
8023
8272
7385
5638
5496
9422
4715
2762
5271
5788
7090
8092
2826
7120
2020
10010
10751
5964
5738
5099
8114
10596
9788
4765
2370
2539
7366
5617
10524
6888
8299
7944
8288
5887
8280
9674
4956
5865
5249
7971
68
10216
10220
1179
7174
9293
9958
2428
10749
7943
2454
7651
5957
7867
8192
2100
7830
4998
8130
7857
7949
10466
5810
4020
2515
9448
5021
3030
5606
5471
7001
2523
5936
7309
7080
4675
7440
5815
6891
9554
8225
496
5259
9666
9733
10036
4994
5000
937
4788
7601
7633
5860
1421
9956
7591
10750
7364
9957
7518
9651
8011
5128
9195
10753
1990
5559
8128
10057
7645
8129
7982
9517
5982
5330
5197
5973
2389
4890
2497
4937
1721
10316
5915
2783
9154
1913
2403
5469
5761
9153
5073
5225
5200
9468
7782
1993
2534
515
66
5059
863
9722
2498
4624
9313
5468
7974
1603
9478
7069
1451
4816
5656
1740
4604
4785
10038
7226
5447
5774
8039
5568
4199
4285
4065
4532
4441
4374
4353
4221
4289
4290
3437
6784
8413
3427
8847
6727
6120
4146
3145
5279
9213
8287
9878
8767
8662
6452
8962
3747
6949
5155
7796
8659
811
4550
8521
2908
6203
6734
6460
8009
9750
7396
828
4244
3800
2229
3827
4570
7623
9992
65
8024
7611
7395
7962
10074
10646
7740
989
10509
7457
7765
9599
9708
10575
7359
7009
8004
10122
5230
10647
4685
7515
7110
10373
1172
7622
10441
5832
9412
7039
8234
7514
10419
5899
2909
10595
4735
7314
7137
9132
2796
10793
2964
7044
9172
4343
7940
5430
122
33
2450
5513
4253
3930
9399
7251
10135
10425
8179
5873
7281
10176
6876
10226
2083
4783
2784
7152
2469
9280
887
10218
9479
1073
9782
4832
2876
5052
10552
4794
9525
5222
2087
5654
7245
10312
5039
7922
10732
8310
1108
7128
5449
10068
9279
193
7634
8126
629
9336
10198
7809
5723
7436
575
3000
4884
9542
10189
7667
8198
9193
5830
9268
1741
2066
10744
8048
10676
7635
10449
5592
7027
7229
7977
10071
9775
9769
5959
10172
5240
4698
3913
1280
1578
3791
4593
8373
664
794
6117
9056
8935
8858
8874
8572
6764
3255
7742
2707
9883
1268
8258
6960
4113
3969
9509
7297
1586
8809
6702
3989
2758
2651
10897
2677
2757
560
1896
1754
10018
5061
7237
4934
3047
8393
9539
7130
3851
4103
2329
3963
4191
6453
2157
9029
3666
5965
1614
10899
1199
4902
6611
4229
4315
112
543
5055
3570
6786
3738
4277
4060
137
8968
8917
6822
5010
6849
2810
5274
4774
7850
4919
4451
4444
9088
6265
3393
8622
35
10473
3410
8829
6075
8385
8666
9116
9608
2776
5528
10126
9528
2821
1147
1471
8263
7714
4881
5863
8175
9997
10130
5776
1235
1170
6647
9027
1070
1113
7985
5498
2960
8954
4074
6195
5572
9949
10360
990
9266
6945
2845
878
10061
9668
9533
8138
7169
5737
8082
7874
10391
6857
2949
8451
2773
6986
5819
1122
9182
4970
4586
8001
7825
1026
10598
158
1406
6883
9648
5868
9238
6935
5847
5011
6993
10538
10666
4729
9581
3097
2411
2319
8072
5026
7011
2018
6956
9620
2099
3007
9320
4852
4753
8144
1915
1032
5451
1430
5317
5655
9256
425
4973
4974
5596
1125
314
5457
1880
8207
10728
10469
5758
2376
1879
2927
4910
7355
8209
5448
8006
1043
10173
2393
7522
7446
9269
7276
401
10027
9605
5470
9514
9495
2765
7951
7278
5125
10087
7381
8331
7593
7046
1881
4912
7190
9531
2299
744
7462
10100
10640
624
10345
8037
8177
9976
1921
8336
2455
7353
10574
5095
1732
9169
1414
4723
5016
2825
4808
6868
1567
2008
2924
9773
1140
2477
4408
2053
1987
9795
2575
5813
1534
5739
4411
6487
5077
7456
8340
1063
2317
183
1895
1503
3122
124
2218
1492
3702
3341
3575
3319
1523
533
841
3088
2156
2194
283
3038
6208
6844
3068
1673
6497
777
732
6526
4508
5242
5032
6615
6146
3644
6441
8410
6138
3252
6255
6832
3823
9754
2417
4274
5458
8796
9943
7901
2051
1765
7100
7101
5325
2339
4725
6481
3011
5976
4592
10310
4971
4888
4993
910
5309
5238
9106
8252
9669
5786
2241
2268
9290
3490
3055
3449
6030
3453
6084
827
3355
3256
1630
3041
6040
3259
6456
160
1656
3258
2177
3817
1505
6815
3294
6843
2167
6522
8912
6328
8161
2635
697
644
2665
7543
9649
3691
36
8403
3945
3237
9553
2725
1619
4223
10699
10325
5173
9490
1132
7915
6351
3655
3486
3514
3129
3064
1570
1631
1532
6068
6253
1571
2209
3409
6109
3084
1526
713
2235
3476
278
808
1509
8565
6515
804
6044
2281
1585
8523
467
3495
2607
2622
2738
4380
4263
3783
4092
10028
2991
2169
9318
3332
9789
2619
597
4079
1211
1100
2808
7835
5023
1771
2888
5869
5138
7530
10765
7728
2026
5744
6973
5239
7029
2444
1916
4924
7261
10457
1101
5462
2518
2465
4969
4911
5180
10451
9743
10546
4787
9274
2847
9972
10731
1169
5804
10431
572
10386
5645
7147
7801
3849
5404
10236
5338
7610
7843
1411
9443
3339
2802
285
2007
1600
3257
4054
754
9084
1335
1779
170
1781
105
9864
1633
3168
1506
2448
10651
1887
4397
980
5075
526
4303
2085
5117
4742
3953
3550
8566
6135
8387
9379
5090
4383
3480
6112
3121
7816
6810
6411
8783
8778
8361
3226
8699
3708
6194
6232
6042
6799
8308
3693
8547
8960
3718
531
8605
8449
462
3429
8702
8934
5508
4265
4037
2178
2022
4484
1416
6597
9657
9861
4952
9045
1107
3711
1568
3360
8757
761
1328
6368
221
1349
2568
6161
3197
162
3941
8562
4439
3302
8830
3320
3134
6625
9682
1912
4780
3729
205
6582
5178
7882
606
6304
3527
6228
3451
6998
3551
763
9005
4370
252
3881
10321
5360
1515
580
3203
8854
5057
8339
1861
2463
3138
8703
6313
3346
10428
9779
8455
8886
4760
7319
5769
776
8909
4863
8835
756
3220
8174
8345
4544
6744
32
3135
3530
8921
3103
9459
4097
656
2266
166
7255
209
4568
8940
6168
4384
4511
4109
3166
9061
7884
1236
9802
79
8089
6493
3289
6357
2052
4149
3496
2770
5336
8226
568
3250
9510
3078
8878
8979
8681
8136
971
3155
6010
4237
4582
579
6662
6519
5767
2914
9810
3816
1545
10331
6401
8865
4497
6613
7086
9712
1389
9913
8739
6870
10295
2488
1420
2486
4704
1076
2900
5091
723
9522
5834
9549
2097
5472
9876
4176
2714
4050
3878
881
5903
2580
10359
2415
9793
5664
1424
2540
4738
1185
54
321
206
326
399
3057
10040
9689
298
3147
4355
8714
4135
1017
10861
6337
6318
6345
3214
3092
6433
6012
6361
5998
8590
3596
8380
3500
3574
600
4691
10369
547
10256
8586
8958
5143
765
7712
2667
8102
1870
2820
2925
4633
5331
5008
2538
5692
2078
5921
2897
7829
5906
7201
5853
7912
5395
951
5940
10470
7628
5327
2862
9548
5597
10324
10252
2553
47
9306
2487
9589
3032
5573
10832
5697
4835
982
5370
5250
7240
4588
446
7562
10568
5127
7919
10707
5667
10159
9414
426
20
8099
10507
5553
9205
9787
7458
4714
3126
2859
8149
2349
10196
4718
2331
10395
5701
3389
2037
2441
9472
5219
186
7109
8052
5882
5797
7155
10131
7896
4904
7643
10603
5956
9792
10611
4572
4712
2769
9450
1986
10434
7138
10374
9440
4792
2565
10119
7710
3448
6297
6214
8710
8531
6637
2907
896
1343
9818
9914
145
4148
10219
9966
4510
1760
5131
10679
4387
3526
1342
3942
271
5473
9199
8544
9814
3789
10165
10133
10829
4319
10590
6816
7485
950
3576
6554
1367
4758
4040
6398
3423
6377
3848
3443
8875
10888
8643
8478
1529
7468
911
3591
9171
8647
4697
2
7698
1224
3839
5688
8404
1852
177
4381
6697
4021
4458
2583
4305
1058
9783
9477
6465
7336
3601
6997
5427
5036
5315
5405
5079
9939
4741
7612
7028
10839
9257
2576
2423
9260
5266
7408
2923
1243
7639
6898
6927
9139
5929
7733
9267
9137
10287
10097
10207
203
1858
7365
9255
9424
10614
8020
8076
7007
2891
9596
9258
8034
2480
2063
9513
4950
38
10260
7345
10875
6566
3643
6801
6045
5002
4299
6470
3805
5094
6474
8416
8476
8569
4099
2620
2731
1314
1334
3073
8818
9087
8926
3779
6632
2525
3004
232
386
490
171
9454
8785
10437
8876
8737
9072
8726
6838
557
4243
6092
9335
8342
1488
10862
5089
1184
590
2024
4316
4205
6691
522
2716
4855
6140
9697
9617
4976
7475
3910
3325
3524
2251
6306
6407
3086
6066
1562
6429
3582
6406
8911
834
717
1540
8712
8580
550
311
8696
4402
1046
6155
3967
507
1062
882
10392
6376
3553
4
3331
6267
2135
5593
667
6444
3285
6577
9797
699
2751
9131
6728
9076
4854
10703
1331
4367
9017
3850
3683
2161
10864
8657
2192
736
3463
6439
6696
4258
3672
245
8995
9376
966
9799
69
4382
2633
1323
1035
912
592
843
8843
3229
6573
3130
8577
3309
3545
10150
9745
3715
2201
8301
1936
5773
1338
410
9015
6689
8800
1432
6280
6604
6340
2112
8965
6521
6212
2252
1511
230
6006
864
9003
4461
5670
6380
8697
3787
4157
610
6562
4359
6476
7505
37
584
2873
2599
8701
385
2691
421
184
9066
6749
391
1282
8810
284
10056
9202
4493
3202
3077
9007
6729
6063
714
7295
1736
10602
943
8815
7720
2215
4093
1680
6711
1327
501
4246
5093
8350
9718
70
8981
3826
212
845
7425
5426
10672
2623
2657
3831
4423
9271
3688
6058
5598
2610
9342
7360
1445
5933
10487
4851
7535
7647
7819
9411
1109
9469
760
5589
1871
5828
7
7472
1945
10094
4396
883
7900
1138
2844
972
5771
7824
9462
935
204
6961
2997
5829
266
5646
2877
7486
5913
4846
10276
5777
3002
1885
7469
10573
10235
7263
2527
10339
5632
5282
6955
9358
9329
5134
7590
5942
9346
5159
9170
7420
2383
9701
2969
1440
8031
5236
2394
10167
218
7373
3033
1425
9989
5492
10200
1724
7211
5352
2511
7077
5840
5432
7941
9537
7158
7700
9698
4964
9473
5984
1182
1390
2833
5539
2044
9947
4726
2059
7282
4938
2015
8251
7608
10784
9564
4747
9259
7734
10662
2509
2321
10459
10232
8204
9633
1909
6880
9309
8182
5314
8332
8091
8295
5542
8312
1903
1924
1008
4894
7600
5835
10284
9359
10739
4487
7145
4643
8245
9118
10231
2293
5674
4659
9243
7008
7083
6995
4761
7990
6977
4607
9512
429
5007
60
4562
8261
5337
10306
8176
7873
8028
9319
4913
5046
10577
1141
1201
5334
9419
4598
7179
7113
2807
4918
4915
5556
5441
7294
4680
923
7845
7020
5402
1878
6887
9455
1143
7565
7774
7233
7569
5919
7451
7592
7084
2931
2048
6962
9699
9684
4914
5877
4766
1952
5578
10201
1244
10129
9263
5781
10723
1971
4810
1949
2777
6948
6981
7203
5396
7487
9465
1768
4916
860
5641
9420
10060
4849
4917
5478
2324
1116
7586
6975
7068
1410
7231
10641
5030
7450
7618
7035
5685
7051
5141
6942
8160
2558
1061
973
64
7041
9163
10548
1823
2771
908
423
5414
2367
1869
2318
2573
159
758
3460
393
7555
10186
8205
10600
2502
7057
5582
10376
10448
2786
5759
225
9165
9250
9710
10523
5367
5726
10804
2012
7886
2531
10597
9394
10070
9498
5789
2185
3769
2903
5312
3390
2184
6038
6793
1641
6077
3622
1467
2242
2587
613
1644
1501
1520
3744
3217
3488
3455
1528
3762
6074
994
1609
6001
8509
1583
3674
3107
454
2131
2191
10890
1533
275
378
3211
1521
3316
9576
10208
1527
3059
1931
6836
3531
6633
6495
4669
3045
6199
8417
6299
3555
2675
8638
8242
9179
8765
1315
4088
7656
5677
3441
7832
3445
10293
9973
10171
7418
5137
7352
4030
4538
4509
2645
4153
4070
4270
9898
4288
4522
6207
7868
8999
4542
1628
6354
6009
8755
8528
6123
1818
6056
8987
3923
3916
9085
586
3407
3790
8511
4098
3616
411
8920
9853
10297
8866
6294
4433
8012
9865
6393
3639
2743
7620
5229
4555
2550
445
8716
8428
830
9552
3803
10772
6080
6674
10403
3219
6118
2694
6286
6685
3194
3782
2715
9832
9879
2956
8621
8945
8556
6069
376
1490
374
3977
4224
1274
3855
556
2597
4017
405
474
2901
6467
712
3756
3074
6326
5446
8978
8985
3397
6367
6237
6693
10520
10713
4882
8487
6176
8932
1502
3243
3177
6383
10
319
380
1778
2750
4049
4071
3838
1278
2705
1497
2606
964
7439
2696
2584
4480
4403
1262
4190
4473
2717
774
1645
3694
10873
6703
1538
3430
1547
684
3149
2203
7883
3151
3185
1594
3075
3266
3051
6559
1512
645
3142
2107
1535
582
449
780
2155
3314
3228
181
3236
3159
457
3196
2232
6509
251
715
288
279
1513
816
3610
3052
710
1574
6231
1553
1611
1698
3809
8774
8408
6758
1635
3648
472
152
1606
2120
8358
6215
8470
1616
1514
5113
8613
2720
9321
1723
7670
514
9155
10215
1433
7613
2468
1114
5900
4807
1475
398
5610
2868
5554
1890
1248
10106
7224
7413
7860
5581
1407
7404
9430
10134
7745
9920
10101
2084
9228
7341
10023
10113
1442
5694
5136
282
1897
5374
9547
10237
9595
8292
7577
1875
8229
10254
9618
10620
2323
6916
8185
7811
4732
5407
4677
7631
9670
9273
7460
7969
10137
5934
10501
9166
6489
1329
5209
4901
3871
1435
8241
7003
5348
5286
2206
4784
9592
6851
10480
7283
10241
2442
907
5333
5555
5590
2104
6894
7640
2302
2941
10234
5296
7653
9221
7580
9235
10616
9282
10427
10353
8016
2851
5615
4091
8206
4595
8293
9597
10169
6731
8599
9110
10607
5291
10304
10077
7337
5172
5045
9988
7663
5042
4833
10397
2386
6921
8057
3029
7096
1845
1690
10673
2567
7828
6978
5207
1079
5896
2878
1810
9685
10578
7795
3620
6022
3938
3647
3162
7789
4108
6073
6817
3753
8953
4238
4426
4513
4284
4422
4218
3891
4494
8804
1752
9636
4612
6427
4309
2603
4129
1261
2708
504
4404
5297
6316
7814
8846
4101
1149
9543
9933
10700
9642
9667
10422
9741
10697
3487
3483
6549
6201
8576
8395
5339
5413
9505
5817
5862
8388
8101
5955
5257
2968
7092
9311
1975
2867
1380
2537
2422
4683
8035
5485
1844
7705
672
1086
84
422
7091
2158
1084
603
130
2870
2424
178
1926
4779
2384
5263
3242
10488
5208
9461
8019
10478
5807
7721
3964
5382
9096
9559
5038
10366
7739
7820
10481
5710
2814
8158
7220
67
5044
5139
7388
4992
9385
10413
4636
9981
1252
8169
2906
9180
1006
7928
5867
3012
7961
2405
8079
3890
10601
2065
7752
10136
1854
1247
9656
5854
1704
868
5770
222
5419
1955
7570
9766
6240
6477
6790
8106
9022
7176
8836
4474
10891
1466
10102
10114
2154
10461
3679
3544
6386
8860
6334
2205
4082
4240
3283
1555
2253
3093
3281
9223
5364
4011
3991
1544
8454
3070
6557
4498
7757
9886
3043
3801
5571
4515
2838
5512
2683
9857
1499
3920
6877
352
317
1782
1082
8200
8557
6593
6754
8553
7771
7188
3663
3775
10440
4418
9264
2701
9043
3721
10140
9880
4379
10308
9839
4295
1777
7958
10389
4828
8887
2552
8135
6659
8879
2274
110
5772
3276
9002
8462
6544
3439
7363
8545
6882
7627
4530
420
8947
2126
3310
8614
832
566
10639
9018
8047
2271
1518
322
101
3732
5991
6710
3157
8602
8398
3821
6513
9191
6926
10116
8439
3035
6682
9296
309
327
144
357
199
348
149
358
351
346
372
899
343
355
475
1784
6169
6048
6172
4233
4261
4169
4317
9904
2642
280
16
3760
4755
4080
8791
8746
8942
2354
6251
8233
539
734
2591
8975
3908
10860
10021
3071
1646
3795
8735
4412
8646
1317
10095
3506
9270
9146
8364
8445
86
8513
6774
379
6485
3254
3584
6175
6511
9050
6531
6681
2239
9409
8998
795
3188
1629
3498
2214
3568
3372
3509
632
2230
6645
660
829
6095
3344
6162
2913
2250
2062
5459
104
8661
8246
9545
5891
4860
1787
8029
1886
6812
6327
3131
10852
8554
8491
3686
8964
8541
3414
3299
665
4499
3315
6422
695
5439
6930
8781
250
217
470
1310
3853
4180
4255
3834
4182
3971
9891
2668
4264
9834
1346
1348
4171
4549
948
9852
4172
9862
2676
9822
3464
3100
6745
6716
6384
8348
869
9494
8074
7380
6713
10725
3300
21
9081
1093
12
4259
4456
9915
7089
2719
3340
3251
5056
3741
3471
10786
6107
3380
8955
636
9511
5500
4462
4111
4104
3868
4417
4537
4158
4110
9895
1293
10576
8050
7004
2474
7571
7180
6913
7715
4984
5616
4812
8244
10049
8097
7275
4986
7617
2484
4967
9391
2943
9716
10635
10807
7159
9108
6865
10372
8180
10517
7384
1446
7509
5434
7861
7684
10617
10846
10623
1942
9121
111
7818
2307
7480
1382
2336
1677
2669
8552
3246
3755
1273
8610
627
2617
604
1833
1665
6403
6180
239
151
1014
2061
2917
452
5665
10409
10063
6958
7723
7075
2929
7107
7102
7707
7108
2780
4639
5820
2304
6971
8147
4657
2984
5120
981
1039
6987
5015
8399
3521
686
3458
5563
5550
1042
4898
4606
2223
7997
8805
3543
4391
3973
4539
6164
7217
4573
551
8119
7070
5103
6850
367
9212
6449
6279
7908
6684
7422
2017
263
2792
4693
6994
6507
8766
3153
8516
3044
7870
7957
265
8784
5525
3235
484
5147
7289
7711
3213
825
824
773
9980
10069
9396
8624
1484
6131
6514
6668
3736
3523
3796
6312
4360
4025
4371
2688
3899
4145
4214
4213
3897
4345
4517
4197
4201
4437
4028
4278
2649
9893
4272
3981
4002
4118
4424
3982
4413
4166
4354
4062
4524
4442
8881
3944
4311
2621
1301
10599
5165
5252
10525
6856
2504
8070
7763
8228
436
5743
10181
5349
10396
10628
984
9602
10545
10660
9762
5386
5306
7687
7265
8202
2817
9489
2921
7532
1702
4708
1478
862
5305
9970
7648
7423
1124
9680
7066
5686
7273
1802
1176
3081
1977
9570
10281
7438
7114
1859
7479
7539
459
1377
7219
10328
10019
1294
9650
10882
6550
3060
1722
10881
1441
3788
3682
1660
6247
6742
5403
8677
3478
6339
8840
3730
3770
6802
1637
3328
3684
8706
8756
2079
3053
8768
1640
8486
3728
1541
3502
2234
842
6455
8441
3080
3734
692
3275
3343
6660
6099
6571
722
3745
6672
3124
388
8520
6567
2278
6262
3421
9265
10121
10168
2407
7279
6925
9378
2559
1712
281
4822
598
9382
5307
9356
674
9433
7854
106
2416
42
6910
95
7214
10458
1097
7111
2365
762
2240
10400
461
8327
9315
1688
5531
1473
8951
4467
6827
4615
6520
6282
1734
8442
3528
6534
3433
4407
2142
2189
5270
2207
3763
3895
4425
2272
8971
3914
8675
5947
4248
6496
5438
6886
7268
2309
9661
9812
10865
1872
8679
7293
4320
1636
6575
8533
2699
5519
118
8503
9815
9151
2501
2233
1223
6027
9860
8838
8392
10606
9507
6149
3777
8371
9784
5132
10555
8959
4069
3951
3167
5189
5721
4127
4161
9816
2562
10503
6373
2759
2749
241
256
3377
8058
2615
6388
3589
6301
3594
2174
8365
1672
9070
9016
10454
87
807
5316
2752
4429
768
10263
10211
4198
4528
4519
5871
3793
4503
4529
4195
4061
4155
4159
4361
4428
4281
4033
4352
4119
4064
3898
2693
4217
1030
3864
6547
787
2248
6041
6000
3248
6421
4241
9890
4298
4449
4076
4328
3842
4308
3990
755
669
4463
4318
2637
4477
2001
10322
5881
5683
2566
4656
9040
8814
448
2153
2702
1763
2626
5532
7955
6795
9806
4453
3590
2624
3333
1186
4818
3983
6324
3391
5116
742
6872
8054
9402
9713
7683
9744
5378
7117
9187
7872
5424
201
1131
2741
1288
1221
2815
2671
9075
2898
2337
6775
9734
5552
10127
7892
7347
7521
8341
8936
2520
8143
10065
7325
7426
8303
5937
10811
5706
9632
10796
740
7552
4853
3660
5303
10759
9977
9236
2970
5621
4307
6170
8489
9829
1289
10228
5126
7554
5277
2604
1981
10779
2962
8103
1920
2985
890
5928
5924
5384
1691
9244
197
4566
7703
7452
4997
4850
817
4553
5482
10610
7858
9405
9126
6765
8820
996
3766
2134
3749
2269
5988
6257
8970
5989
6490
8564
9508
4215
2646
4415
3869
4369
4116
4501
1351
6296
3677
4689
22
9935
5409
4632
1816
2346
8684
1394
127
641
6482
3125
7780
530
202
243
2700
4007
9463
10282
7170
5927
10223
4827
511
7260
40
2368
7139
2327
10757
1793
7822
8221
1958
1938
1419
5167
2508
6847
10298
5668
4940
2458
1873
1718
89
1900
9481
9436
861
1177
9203
8064
9480
10356
10541
7877
7305
7927
6797
8694
2740
51
356
342
320
134
258
4236
8906
6043
1556
3918
8406
3767
9885
9847
3383
3932
8842
1472
8665
9840
3048
3114
2220
2629
3216
5643
5258
2614
6145
8458
7435
1797
10067
7187
6969
3833
169
4124
1360
1219
2661
8799
174
1786
1776
8330
9870
607
9871
216
3632
8844
8963
6434
6034
6808
779
1613
3710
3368
3492
6947
1608
3253
7307
6241
7526
2507
2118
3396
3363
9906
493
7709
7421
3489
6221
3893
4889
7215
653
6445
8812
3137
3628
3350
4192
6859
10714
6
9896
6019
4891
4482
4114
4106
4031
6760
299
4516
3497
9057
10435
922
9627
9873
2958
2799
5319
1033
10798
8013
8484
2385
8423
3957
10683
9983
1714
976
10588
8837
5850
10587
6397
8685
6504
6263
6132
9065
4440
4029
4502
4219
6004
1657
6631
3928
3922
3921
2690
4512
4144
9894
10767
6330
2040
4548
8892
2433
10783
6394
3792
6529
5580
3308
1808
616
2260
3354
3336
10657
10745
3209
2911
5849
4536
3785
819
3128
3814
7005
8628
3222
6111
8359
8595
6779
6307
564
6206
8736
9446
619
10856
8693
4297
6451
9090
6736
6390
6200
810
7760
8997
3473
2225
5995
8839
1592
3163
784
2686
3569
6137
8833
8718
3265
2724
1374
608
3931
602
3925
611
1341
894
5649
3758
4163
4066
4267
4032
4154
1290
4005
2687
1025
4275
4164
4533
4357
1354
4531
1295
4505
1554
8468
4271
2721
1324
6720
5076
10589
870
9593
2263
874
3260
895
872
3626
3759
10502
4251
8828
2936
6210
6642
2461
7553
814
4045
8639
9092
2528
324
354
120
335
479
315
6675
711
9457
246
233
4717
4095
450
6287
10180
304
3786
8574
6024
6414
6533
8597
3650
6274
1652
1618
6360
6700
6308
1668
9004
6715
3614
9086
6778
6409
6772
6015
1543
6217
8526
8880
3619
6219
6661
634
6806
9041
8728
3887
10052
488
485
291
3327
6236
7095
7678
3424
3668
3612
2290
6732
8376
8500
6061
4250
8583
9343
8705
3366
8535
866
969
126
1018
5226
57
1392
1336
3987
3875
3906
4434
4228
4491
10288
8482
5345
8524
2164
643
3156
2176
2170
2021
561
3359
6448
4019
9031
4257
1812
6192
6252
6315
4094
2216
3094
3361
1599
7665
9868
1077
4702
10225
6885
5422
4942
5069
2778
5538
5235
9384
2081
5746
4695
5019
5608
10103
5043
5474
5205
4072
3837
1272
4300
4006
9426
770
4209
2983
573
1601
3856
1569
6323
9851
1957
527
8722
9846
6426
5889
6428
8895
6658
5961
3822
8931
6818
8754
6543
1300
10346
3784
2282
9831
677
1409
6362
9836
3120
4340
8
3517
8943
7310
10900
3829
569
1901
9052
6355
8972
10064
9484
9386
3933
6314
6677
3200
3818
3819
3049
10586
2578
337
129
1795
1789
10868
347
373
339
331
3830
4140
10840
3223
6669
8990
1436
5216
7434
7899
10845
10267
10329
7017
1947
25
5880
5750
297
4617
17
9614
4730
2884
2636
5247
727
5140
8822
415
8508
10771
3288
4342
3108
2213
838
8450
6129
3292
4344
396
3431
8481
3459
2485
3943
1397
10495
8485
6148
1735
14
13
9372
9287
1750
9466
7619
9302
4587
1960
9573
9148
9493
7449
2794
1253
525
947
5886
2090
1162
7726
7718
9115
7932
8247
8335
10194
1728
7340
10160
10209
9496
9099
10107
2004
10405
4880
1229
4830
10730
1925
6923
6893
10407
2853
2563
10081
4979
1139
10785
2363
9301
5299
3001
4982
626
7904
4662
5074
9338
5109
1978
5763
10187
6854
1203
7342
3021
4949
10193
4814
2058
8328
10720
9663
8022
1439
2764
10690
395
5049
4610
1683
2854
10275
7764
9456
10246
857
9451
2680
2379
99
7370
9965
1969
2710
8366
4671
9011
8894
1577
7879
1976
783
639
6608
9902
477
4023
9033
5423
10424
7875
4051
6159
6538
142
1536
8490
3247
9850
7193
769
4056
5514
4262
9610
302
30
4324
10266
10661
6820
6908
6423
1830
8316
59
6714
9884
2204
7606
8196
6523
4334
654
3186
4168
7428
1840
1239
235
6331
8616
6800
9083
8749
9006
1626
9246
3912
4751
798
3946
7391
41
652
6781
588
4150
4356
998
4268
4211
2684
4167
4208
3649
9916
1358
4313
383
2129
3098
3446
8578
6723
2110
8682
6128
3636
3010
8608
4921
6937
7125
4294
1277
2782
6392
8536
6268
2709
26
76
6564
3852
9908
4336
9911
3116
3063
8966
856
8690
8517
6532
6581
8741
8469
3499
2198
9044
6417
8721
10229
9240
7898
10471
3712
3562
2819
10711
7053
4117
6588
2077
3432
3404
6079
6671
6483
2249
9054
10855
2224
8787
8672
4280
10695
10857
10867
7655
6646
6353
4534
9679
9233
6174
1434
2947
8671
3016
10692
1689
8996
6116
6803
7767
3440
7777
10687
2735
7136
6356
8538
7116
1212
2902
2445
4485
8434
5671
2713
8891
6584
2648
3347
8913
3860
249
10869
1344
6317
3456
2119
8680
4535
3631
4897
8779
8724
3175
8627
6436
8626
8625
3820
8353
9019
6171
6089
3611
6302
6627
3199
3326
6151
213
486
292
563
3909
9059
4836
6104
3272
1747
1700
179
9843
9715
8421
3725
3231
965
3949
3454
3127
7517
9064
9703
5193
682
257
244
546
10880
6096
10896
3613
6222
456
2662
8813
353
9012
6385
4230
2742
6272
852
9844
1134
0
390
9196
6506
8750
6813
4216
6156
6115
10083
4147
833
6605
2910
259
8559
6153
3241
1576
2957
733
3378
1711
721
589
1320
1307
2569
1269
6906
7490
9827
4225
9204
8390
836
6144
2183
3659
3491
10204
7609
3671
8600
9729
7024
1951
9887
1470
3273
4631
7196
1817
10423
4673
1561
3184
6396
3037
2286
1663
308
312
956
6983
10848
11
1004
4293
9828
9817
6825
8640
140
10039
6420
6098
9327
7542
5401
10773
1291
1563
9874
2718
4883
3230
10394
7704
2666
3452
6229
269
3704
9375
8033
5872
4848
5711
5765
3005
5335
4831
8563
2333
1486
500
1489
1487
146
200
377
6204
6739
2639
8604
1311
2608
1313
1326
729
743
2611
5734
1220
9299
9566
9696
10318
9312
7716
10123
8219
10727
10790
7787
7744
10089
8189
7520
9214
5941
7788
4681
7256
1365
4576
5719
5914
1814
9248
3699
7658
7903
9317
7942
9370
10733
1010
264
7022
5636
9859
8222
7177
9160
8314
8137
1161
4614
1298
670
4802
1041
8172
3034
10837
4179
2892
7301
10076
8173
1838
5149
7813
9585
7934
5584
2882
6737
2152
9629
1980
6292
6106
10456
4887
9936
1193
9588
1730
10742
1296
3330
6931
469
2673
9903
4496
9877
4234
4073
4186
3972
83
9807
4137
9833
4410
3926
1396
9823
2793
439
1192
9800
9888
3673
8827
3192
797
7798
720
4563
7536
5618
1021
8282
7812
959
2517
9584
9634
1716
6864
481
5852
9197
10788
7887
5760
5893
5587
5537
4584
1034
906
3907
9216
5182
7576
7466
5212
7661
6909
9777
7482
5293
5627
7212
10528
4845
10762
5783
2880
4763
8187
8326
9224
2829
7866
7636
10042
5969
403
725
7206
2585
2116
593
6630
6650
10886
8798
6776
5083
7924
234
4527
4276
4026
9404
1694
884
6503
668
3244
3284
6565
8475
3373
800
3109
1092
6694
5990
3434
10361
4419
917
173
1780
1080
1405
6653
3634
6464
3807
6563
9089
8919
3806
6501
3709
3179
6721
6835
8740
6468
3799
8409
8655
7334
6755
3056
6524
4546
8683
9025
3703
8634
6828
1595
8670
2277
6762
3353
6480
471
1661
6484
2109
6344
3993
119
10820
7551
7834
4443
2730
5012
5425
9147
5408
9458
5725
10245
4859
9181
3027
4727
7853
4392
5778
9101
5481
6972
8044
7885
1632
8461
6186
3076
3425
8363
8362
8381
2105
7442
8162
6462
2147
8474
8826
1402
7361
8700
599
6540
9889
3221
8456
9067
172
6190
1589
5506
5260
3402
2270
6639
4871
5475
5999
6620
3880
4339
3956
9516
8420
6746
3603
6546
10821
2658
1048
648
363
1054
1053
650
150
7072
6970
7412
7470
8215
2375
3419
3892
4227
3988
3904
1403
3858
3997
4183
10719
1605
1530
10058
9020
3089
9413
2190
2378
8821
8713
6690
2322
10827
1493
100
6466
7848
7369
6964
5361
8443
2261
3117
2395
10854
6020
8771
9053
8939
2160
854
1572
5712
3975
6823
6157
3169
5526
9574
5283
5601
1929
5837
7344
9328
10537
5321
8083
10536
7783
10291
7607
9867
8773
9347
7587
3825
8043
9206
7800
9931
7151
6959
8030
9923
10604
5693
5199
9759
4777
2789
7963
10319
435
5003
7888
3018
2325
6860
5923
875
4983
2857
5858
10157
2883
10627
4905
2086
1842
4569
7679
7476
9210
5221
7503
10472
7129
4945
1580
8414
3154
3067
8615
8695
248
4393
1707
3189
8982
6108
8867
2196
8558
6046
6150
541
2737
2729
1202
2734
596
1305
628
4220
3563
1596
8856
6303
8426
8407
8372
3375
554
6147
9068
6035
6634
468
8567
3358
521
1510
752
6322
2179
6458
3061
6285
3349
6518
3705
8707
8499
8758
8355
3046
647
6635
3598
6698
3774
537
6652
536
8761
2149
3722
3023
4990
7604
8109
5486
5535
9251
5130
5691
7976
5640
4944
7697
4654
10125
6276
4249
8472
4472
9866
9001
3270
10273
4552
3995
6430
7624
3026
10248
10803
3493
2212
791
1517
3513
8862
6183
6023
3658
3357
1625
1604
2592
6371
8367
6438
8897
3641
3592
6708
8841
6447
1037
3537
6636
835
4123
4481
3182
5369
5943
2396
7842
10404
5347
2168
1206
3329
6794
826
6657
8493
10851
6654
8573
1462
3950
3504
6375
8645
6178
8732
6598
7724
1954
7014
9308
7064
5
10029
5442
7134
4939
1800
5604
2483
2431
1745
10491
2529
5801
7140
296
2977
1898
2722
2827
7691
6018
8986
5453
9731
4326
1496
812
1891
1415
638
3901
10877
3136
3303
6415
8537
3104
10534
1537
1667
5465
2133
3371
8159
8532
8555
2171
4947
7000
675
4470
408
6141
10874
6712
3062
6811
8857
1105
2256
3884
1279
75
3313
5818
6974
5864
8124
1038
5910
10206
10830
8084
2348
6814
7232
2042
9406
2334
7498
7815
10292
5951
1686
4980
5183
746
7936
2824
4838
3293
5211
88
2459
10343
7666
5237
7864
9835
4465
2279
2075
7508
10307
7641
9262
5753
9704
5675
8223
2781
10816
8317
7579
9445
5068
5833
7935
8195
10013
4909
9410
10153
2524
442
9982
10831
10401
5440
7993
2988
1504
6952
5412
4948
10754
1930
1811
5802
2850
5751
5808
2031
1731
5564
2942
1159
1136
7186
1461
5992
3905
3761
8539
6478
3447
3635
6213
6861
5620
5975
4625
10279
2916
5740
724
6924
10166
5031
5323
1863
7918
4823
9289
9226
1016
6866
5443
9934
4641
2338
5700
5660
5112
7033
9377
5605
9467
1444
4799
2889
2471
5174
7192
5489
5156
2457
5543
9644
2211
10178
1676
2345
5353
4721
6463
6277
3768
805
6831
3811
8203
3287
2231
3115
6686
3215
534
5996
8530
478
10020
219
5775
5033
6889
2971
4778
930
7429
9483
945
1927
237
2159
1157
7050
4013
5341
5176
5722
1469
2990
194
995
6902
7507
4771
2108
397
1316
24
1123
7856
1803
925
5388
5939
5851
2122
1312
5731
2038
7031
7223
6918
2092
4745
7168
562
2265
3797
3680
4706
1584
482
567
9912
8611
8644
4447
4446
3617
4776
786
1165
2500
6402
7533
3638
9071
9897
2689
10516
8803
1494
2516
8889
9625
400
6834
6651
4540
1634
402
274
8467
2180
4483
7085
7595
8502
1088
1679
1457
2285
6070
10593
2950
2887
9135
10011
7917
6919
2930
8268
10341
8315
7826
9133
9140
10323
9136
8281
8026
2023
1696
9194
161
9138
2045
2535
9134
10615
519
2182
9014
7491
2464
7382
4096
8323
3557
1111
5223
4086
15
8188
2616
4090
9678
3415
7878
2186
2380
6055
10161
1642
8869
72
2912
8823
5022
6488
6311
7350
6271
6382
4431
2727
1423
2652
6663
6592
2312
9383
2027
919
781
2609
9672
2049
4770
10626
4012
44
1352
1465
4078
6479
3937
6752
1715
6589
529
5070
9675
6211
4554
8651
9527
1524
1834
10358
4819
7839
693
3379
1391
6766
8770
3234
2280
2627
4136
2767
6769
2736
10078
9381
6874
6349
898
8653
6798
10892
8617
1557
1217
6618
10429
10177
8649
8663
3947
7205
9615
10572
9723
6288
8377
6664
8369
6665
9819
7465
6234
5213
4805
4676
4626
7375
7377
1648
6100
3776
6242
8652
3548
6218
1935
432
5785
8190
7154
4762
5280
5707
5848
1825
7274
5086
4700
9183
10224
5932
5948
9184
5292
5698
7448
7541
6963
2088
2050
7988
1242
5540
5234
6568
1283
3815
9681
2834
5025
7277
7148
7042
9561
5912
5684
10561
7417
2412
8264
858
2519
7175
10390
5588
4874
10659
10791
4684
10182
7478
1128
737
1135
630
7737
1932
10387
10583
4775
5845
5970
8853
820
2162
2113
3717
2130
9373
6560
3304
8587
3571
9917
4075
3418
1069
2598
7692
696
9392
3556
3205
1500
5111
240
4500
659
8067
8969
3696
3119
1075
9232
9872
8901
4398
3338
704
7045
10543
7415
6088
1129
4329
5342
4014
1670
4331
4476
6580
8496
1264
1118
287
3968
2678
9881
10527
9999
658
8386
407
8824
621
1860
487
6607
581
131
3400
8717
4694
1112
3091
9000
8384
3609
8825
6008
3516
3101
3558
6007
2284
1361
3835
601
5659
10741
8631
6185
612
3642
3201
6220
6819
4813
3208
6270
8540
2644
6072
8794
180
430
2114
9837
4492
2670
1379
1364
10411
4731
633
778
4187
2672
1387
2681
4273
4416
4506
2647
4034
4162
1805
4348
5527
8253
2288
2728
8550
6179
6499
3519
6785
6225
3083
6025
3794
6796
3503
3808
6033
6751
8924
8664
3733
3072
10858
6350
3588
6585
9082
1602
6166
8588
3813
6535
6741
3772
6638
751
8480
6246
6333
8495
6346
3394
6177
2961
3465
8689
2289
8213
9811
6244
4047
6372
2594
2711
214
6763
2593
516
495
6719
8904
8744
8400
8368
6425
4920
3395
2210
2682
8594
8391
2258
8459
2430
8498
7755
4291
8678
2117
9415
499
8944
6725
6424
8411
6139
6616
2685
3764
8660
8849
9568
8466
3840
6113
3139
4856
3720
6446
1837
8861
8991
5429
7984
9855
294
10510
9111
6502
10001
9737
7550
8477
4557
2425
4405
859
3999
2173
3579
8435
8527
3685
958
3399
10789
2754
9432
2612
3936
4478
2228
10351
1250
3305
3420
6029
3546
8497
9077
8937
6412
3507
3534
8619
3586
3225
3412
3915
7262
5839
5455
2301
1376
4081
2208
2546
3615
6227
6612
4603
1464
7338
5916
7292
5631
7432
3042
6105
1508
8658
3656
3723
9078
8929
747
8868
9008
3535
6830
3707
8382
6809
3773
8908
8452
8402
6269
6440
3587
6606
7894
7859
9295
2895
5978
9502
1431
9805
3979
4600
9353
9294
9175
3692
6498
8397
3307
1649
2140
465
3224
803
2276
2136
9277
1345
1363
1258
4039
1483
114
6722
4460
9905
701
4296
2596
1285
6101
6036
6028
5488
6305
6291
6309
960
6750
9808
1719
1031
2246
5053
8104
5394
466
2069
9910
10694
7706
6905
3160
9150
8633
1330
6419
9824
5647
8983
6783
8581
8673
8902
6609
6768
10686
2896
2818
8437
2555
4346
4526
4287
3984
3985
4204
4347
4282
4435
4373
4436
267
4364
949
4035
4001
6136
4558
2679
8994
3148
3629
8808
6695
6771
1669
7953
8227
738
5241
5501
3547
8603
1447
538
10485
1340
359
8607
3263
8008
3172
3748
6122
3416
242
5792
9211
5228
5897
7784
7316
7544
1180
876
5985
4965
10008
7632
559
8623
6740
8872
2756
2697
4877
8742
3158
2905
2835
3781
8727
6619
8922
3181
3405
9026
6093
3735
7185
10188
6250
3824
3959
6724
3657
3474
3468
3529
801
3150
6782
6676
3264
6281
8418
56
6704
8422
6536
8698
2226
6787
3403
8483
6374
8777
4239
3652
8447
6154
6756
1573
7701
9
757
666
10032
9368
10781
4946
371
7838
4809
2706
5892
2397
5762
7563
7730
6867
416
1695
683
2466
9845
1742
7626
10051
6873
10152
10702
9435
8068
10636
1798
10819
9964
5619
10887
7032
10849
7497
10203
10740
9727
7496
10492
10183
10889
9526
7018
8256
8140
10884
10158
2316
7950
10870
5745
2919
9654
10380
7582
10055
2436
4839
6989
7106
7477
4583
9544
6846
9168
10255
8265
8021
9129
8086
5001
1821
2768
7225
9208
4782
10893
6209
3970
6553
1260
2438
6743
6387
8571
3278
6640
2655
4175
4058
9849
3874
1164
1934
789
2726
1321
289
577
10179
8898
10479
4525
164
6678
1333
10348
2419
102
796
8788
4545
4321
3681
1214
10242
10878
503
6542
8704
3780
3297
8501
8751
6249
6031
3559
6381
6692
3742
3581
6539
9239
3301
3605
6358
4122
8790
8762
8928
4471
6718
815
8460
10012
3505
8916
7333
5971
6551
5107
4504
4358
3876
9848
4406
5389
2398
942
1022
6705
6014
473
822
1651
3640
2243
3387
3477
1655
6595
6065
6494
3050
3552
6216
3239
3599
8941
8899
6238
6003
3382
10550
2703
6184
847
3311
3362
2374
4768
10736
4798
1876
3888
7078
2238
10262
5503
8318
3554
10199
2816
2588
5153
5310
7199
5905
5657
5907
4961
7911
5908
9645
1868
3633
43
655
821
3593
799
254
1587
587
1815
387
2060
7173
1769
1110
5186
978
1468
934
4650
5202
5380
5357
9628
8210
8273
5318
4194
2095
9395
6915
10778
1757
4789
4567
1956
9622
1160
9519
10522
2308
1983
5918
2972
5846
7673
7238
4966
8338
7566
10625
10421
10800
5662
5546
2872
5255
9222
10080
7808
4797
5533
2965
1946
5733
5595
5748
10259
10445
9637
5567
2382
2410
7869
9325
5560
10493
10035
2470
5105
2922
759
1908
5644
2871
4709
1096
2472
4772
7729
5811
9765
4773
4795
2503
10371
10034
2809
5082
55
8071
5251
9334
7246
1907
2475
2064
2315
7925
4975
5358
4815
8062
5757
5551
2505
2974
5431
4655
1145
5520
745
5842
9659
2840
10368
6890
9393
10149
6878
10850
749
8220
9486
4930
1864
9546
7328
1865
9600
5004
6943
10535
549
750
7929
5784
10154
8300
9418
1773
552
7559
10468
7306
2451
10452
10300
1228
8319
5577
9582
7443
5635
10047
4678
10143
10142
7741
1000
5766
7597
5062
5651
7540
5666
7047
7846
1753
1476
8145
631
3532
5794
9117
10118
10706
5278
9390
7331
8077
34
10222
4333
7424
9254
5129
5570
226
4322
7037
10393
9128
10563
10112
4885
7329
3282
9421
5653
2342
2761
10384
4932
9919
7221
10084
4929
1857
7264
7939
7394
5678
7040
6901
49
7195
8134
2963
2698
4931
5974
5217
5699
2904
7652
5018
5391
9578
2071
7558
5145
8152
10098
8088
4764
7484
4644
7572
437
5100
2298
10782
5106
7668
10774
7284
914
7056
1044
2452
4561
10378
5780
7244
5029
7059
10227
7431
4987
7239
10500
2514
5980
10238
4769
8157
10048
1746
9930
4664
5487
7019
6863
10474
9036
2340
9621
7616
9152
10557
9995
5162
7166
10582
7790
9428
7242
879
5679
9763
924
10249
8010
10542
10828
10337
3020
9567
10418
7574
9333
8235
1119
7376
9093
9389
10539
9996
9638
8320
1709
9563
2005
997
10530
3015
4875
2577
1703
5634
5085
7512
1761
7775
10494
5311
3024
5979
10795
9253
7252
1894
10605
2982
5187
4908
7568
8289
2350
5730
10584
2456
9770
438
7313
5902
5825
1207
7664
9612
109
1437
10843
8232
10385
4565
10498
1065
7311
9186
2046
4840
7797
9185
7489
7135
7346
7695
9249
10301
7386
6862
10551
8276
5793
10414
1850
9200
8155
9598
1998
4873
5962
5351
1827
9497
8243
10655
900
5201
4652
508
4661
9292
10464
1094
2848
2980
2409
7067
7772
5944
1708
10365
8286
5444
8333
5175
2978
7492
7805
3836
4900
4767
10156
524
999
9162
1883
7339
9145
10618
7968
1001
9569
9950
8059
5097
1944
2981
7923
8194
10726
7483
5433
10504
5398
4933
4935
10184
1706
5054
4710
941
1705
10043
7531
10075
5904
10352
2763
9739
1877
7945
10438
7025
7844
5728
1059
2542
9437
5377
4640
5821
929
7994
7779
9097
4955
7411
7880
2372
10817
5530
9192
9109
10024
5930
8125
5366
2093
2400
5328
5594
7937
7354
7194
7397
480
2137
6379
3132
6473
1593
2127
3079
3317
3625
806
2361
5157
2881
1187
1427
1155
3444
4177
3863
4306
1286
1263
2602
1271
3249
7464
29
7672
9439
1368
4378
2605
3873
4376
3952
3948
2659
2589
4130
4041
2663
4022
2590
4232
3872
4193
4475
4121
3885
4486
4018
4954
3623
6389
10433
1558
4247
1270
365
2254
6404
1479
3678
10792
3675
236
6298
1546
2795
4120
3934
9771
3886
3187
4107
8745
921
3861
1319
6039
3621
5300
9756
5613
6773
6410
2297
901
4737
9706
9365
5114
4665
6939
2841
4692
2933
3267
6570
8676
8786
8888
1531
9103
8980
5096
9907
7967
10664
7556
1325
3752
7481
6726
6826
3140
2313
8802
850
617
3841
2499
5148
6953
50
276
135
333
1485
344
328
323
330
7124
10570
2188
1003
1639
3828
1491
247
849
771
2426
1659
2199
1653
3337
1498
8464
253
2163
6701
3565
3039
6266
3541
7315
3233
1507
6202
3580
3013
1692
5658
5253
7738
6944
2353
2000
4653
1246
7852
2306
2035
1197
5463
4591
2979
2032
6897
93
4733
10815
5716
7299
1843
2102
1281
433
2641
7596
2831
4892
1928
10031
9534
10432
7241
8095
7271
9201
10629
7335
4185
4867
8266
7074
9813
4008
10016
9125
10808
1940
9562
9686
7524
9711
2945
10388
8255
8069
8141
10553
9728
7052
5301
7383
7731
6165
953
1738
5390
6884
2076
1756
7269
417
10580
4609
7054
7690
4009
5717
8085
10665
4886
1884
10320
7766
10554
6984
558
6933
9143
7849
10265
10357
8236
5727
5267
5373
7781
5814
4926
9725
7921
5272
5195
7538
5381
6934
4102
2244
9719
2449
10439
4866
9425
7132
944
8248
9492
9518
4577
6853
7938
8184
1950
1743
9694
4824
8321
10571
5411
4981
4613
10088
9397
1047
4596
2446
10648
7016
4868
2496
1701
7980
9749
5795
10326
7427
7881
2294
10014
5521
7303
2828
2310
2039
1727
2861
2146
904
4141
1438
128
691
2344
1853
2006
4713
1366
414
1999
1973
1015
1175
1337
7182
1146
4634
9503
5072
10268
23
8163
3
5048
2975
5945
2028
5791
123
3028
10701
5695
5779
4750
7236
5037
2406
5387
9219
10115
7189
4820
1142
5084
8298
8014
10002
10652
9176
5133
1150
9577
2989
9643
10270
5549
1153
9768
6911
671
10689
9693
2009
5836
8132
7547
5682
9285
5332
9985
5067
10375
10163
10704
4757
649
9283
7161
10460
5859
9364
6967
7122
2341
2377
483
10668
9691
9237
7773
7966
92
7191
1710
8038
7207
10344
8278
5504
4703
1914
5529
7133
9173
7461
1204
3859
7685
2849
10698
9690
7893
1154
10299
10415
10564
6900
2865
9234
1190
7038
10280
9623
7183
8211
5576
9695
2420
9324
5063
9556
5304
10132
5799
10138
10770
9360
4781
7537
1151
5790
6968
9687
9122
7753
2852
7638
9631
5518
7750
1737
7646
10025
5946
10108
4601
7209
10718
9104
2101
8738
4427
7688
1972
4488
9825
5320
1717
8401
8636
7756
1395
6090
6083
3572
3133
3417
3335
6680
6320
10801
5609
231
2926
1173
9869
8394
5210
6875
8585
8592
1426
9034
10277
7702
9074
3470
6163
6264
6655
8949
8851
3540
6579
8850
4605
3542
5987
3472
10533
2755
6087
1713
6517
5838
3879
3118
1398
2141
4452
3630
9875
6599
10883
9747
1862
1684
4178
4304
2630
5831
1828
5392
7778
6198
6791
8548
3771
7343
1755
2495
2938
3583
1254
9830
3539
6026
10895
8383
7807
7488
7682
18
3312
709
6628
4602
7459
4716
8110
5324
8967
10841
1582
431
4400
5857
404
10761
6310
2068
6443
4139
8674
8471
3095
8582
1090
4559
4520
8294
6435
6256
4829
6780
703
3467
3508
6792
1050
369
1052
1057
8977
9010
8669
5110
1474
9123
6569
4865
45
3862
6021
3960
6094
4015
5379
10685
8780
463
7747
7247
5747
453
5967
8542
6558
578
1477
9124
1522
10898
1049
1482
2582
6102
4165
9042
6583
4469
9049
3604
3461
2057
5612
4063
4203
4202
4067
4115
4363
4349
10274
8992
6709
3646
8885
460
9993
1948
3392
7722
489
306
310
7583
1208
7015
877
10681
8504
623
10608
6641
5295
3174
8431
1726
10382
9227
9591
9030
844
790
1615
640
277
2138
215
8473
6530
837
1804
1539
8764
4734
663
2541
813
3351
2172
1303
1953
10170
8343
1984
2798
916
7257
1739
719
4207
8446
3714
4266
6527
8801
6049
9858
3515
9009
840
802
8254
6114
6512
10859
2237
8961
7693
2151
685
6278
3318
6587
1666
1068
3218
5078
3765
10799
785
6193
6133
3665
5997
706
642
8561
2255
6505
6223
2632
6413
9275
5480
4711
848
6364
1622
4279
10000
2111
10822
7629
3606
1796
6596
1590
3812
2139
6152
6666
8507
8424
6290
8852
8715
6395
8425
6807
1638
9032
9809
2548
10693
7527
2355
5098
8760
1794
5524
5350
2343
3700
3882
9252
115
8910
3457
2236
6086
8494
3743
6054
3566
8618
6602
8731
6400
3602
3286
6586
3232
8907
6603
6158
3141
8834
8668
513
8351
9063
8900
8378
8870
6717
6233
6341
3687
8806
718
687
2166
1664
8579
6050
8598
9069
9241
2150
637
3438
301
3645
891
8863
3802
3870
4200
1575
7501
2530
4660
6980
261
9764
2197
1174
9854
7416
4083
3746
3369
6735
3376
8641
6537
8753
8522
9039
8352
6829
3538
6260
8719
839
3695
3739
6124
3740
1516
3757
3384
1550
6127
8546
3291
7349
7143
3113
9079
3277
3102
6648
8759
8793
9091
6369
9055
8864
6300
9504
154
10684
9594
2600
6365
6343
1099
8267
7785
8325
9046
1245
300
303
9130
2033
2874
4507
1385
4112
4269
4156
4142
9899
4212
4432
4152
4521
6418
8893
7393
9942
10005
9900
702
1388
10715
9772
7204
9023
10506
1607
8170
6626
3006
3651
6848
3008
8612
8686
295
6556
6837
8260
3577
555
7614
7367
1597
4743
2145
3019
4337
10053
2653
8440
9177
6561
2650
2875
1265
5625
1762
136
518
2920
10009
946
1267
1205
7758
8575
6590
6275
4036
1658
8711
6071
406
4699
5639
9127
6988
1255
4016
10705
4670
1071
9105
5135
6914
5495
7002
897
10050
10482
10613
1448
5179
8529
2098
2132
1835
3844
3992
156
8191
5191
932
190
9398
9161
7946
9541
9951
10264
10239
10637
1166
7094
2811
8896
823
6082
8656
1127
985
4151
270
576
528
4283
4226
1774
1266
4312
5354
4365
635
6707
3706
8591
4749
2221
2631
8723
4876
4457
8360
10212
4791
10104
305
6338
4027
8518
3481
6738
809
3608
1785
4386
8609
2054
2010
8543
3798
6840
3466
6335
8045
3123
6753
3847
6730
4629
8463
2478
6085
3085
1519
8831
5648
7034
71
8855
3737
3961
7920
8584
6643
2267
3238
6191
2640
4087
10286
96
3669
595
5287
132
8512
5705
413
10768
3143
2723
4928
646
10866
4389
4024
4105
4286
1013
4222
4438
4366
4430
4362
3804
2638
2656
4375
3996
4335
3877
4468
8515
6110
2247
7437
5502
2674
3883
1209
1480
364
412
8514
591
8890
6622
1222
4133
3854
2760
1542
4100
9856
9429
676
6258
7071
5254
6999
1847
6881
10062
9760
5931
5586
9298
6525
8199
7253
4055
4189
498
8430
8560
6243
3939
153
85
1581
8596
6142
3170
6461
8859
6629
6623
6352
3664
6457
6624
1671
6601
8845
6248
8817
6528
6032
8974
3190
6245
6667
8792
8637
8375
8956
8453
6057
10099
4514
5885
7444
6002
8946
3966
10735
700
3727
6187
6017
7746
1371
3894
9060
10633
7430
3475
3058
1256
4385
8534
6329
8311
7759
10244
2125
10257
3917
6928
9984
7296
8153
5681
10003
7523
9387
4953
9284
10349
3345
6545
6167
3240
3206
6293
532
2462
5968
8752
9286
9340
5787
1007
10412
7285
9189
6940
7713
7840
3193
3607
8081
8032
5227
2439
1846
8073
7902
9575
10462
9987
8214
6576
3501
1620
8510
8789
443
2748
4042
2545
886
9038
8720
5437
3510
4464
509
2899
8725
6230
6011
6699
5994
3204
1064
694
3518
8549
6182
1579
8642
1399
4455
4038
6610
3144
3176
3653
6552
846
3832
1378
1237
8349
10760
5491
6259
2036
8117
2388
10155
885
2586
2219
3245
4170
58
8283
8709
4388
3924
902
6273
2625
6767
4089
8505
8257
8146
8087
7414
7897
10313
10496
5843
5895
10315
5517
871
5215
1152
2860
428
9692
10250
5875
9971
7650
10680
7719
7030
7768
52
9438
10314
1459
9924
8005
7947
7061
933
63
974
10030
622
9188
1678
9142
1943
7392
90
1225
1764
9927
8635
3435
255
6617
2148
6347
6239
6788
6047
6103
6037
6205
8914
361
1055
8915
366
1051
9322
1121
938
9746
9646
4585
2536
8164
10333
988
7243
10508
1226
7322
7330
1213
5911
10289
4879
1238
103
1002
2362
2571
9278
4748
2347
7105
2987
10230
9362
8094
31
7250
187
1458
7954
2533
7406
9300
10630
2836
7926
2074
7399
7087
8269
9326
10408
10197
2043
8237
7012
8239
9664
10406
8053
8307
7302
6855
7907
5104
4746
9231
53
9164
4630
7748
5561
1841
7216
10631
2489
7332
8848
6366
3719
1588
334
6437
9791
3436
8654
6405
8374
1566
2618
3111
8925
10809
1693
28
6097
9611
6706
10834
8438
4489
6332
3564
8551
9941
2634
8601
3701
3618
698
2574
8877
8427
5557
8807
8090
4686
7749
9423
6879
1839
10294
6359
3096
9242
5363
6683
7291
574
2070
986
4622
7357
91
1617
708
9024
3152
8933
8903
3525
4057
3110
2351
2660
4724
3269
5168
2937
8197
8429
8078
6076
10621
4523
2526
3426
3919
3857
7952
10327
9761
381
117
9048
10708
6196
9058
4368
6656
5633
8389
6013
6432
6804
3323
6687
8884
523
4292
182
5736
7308
5204
9529
8795
10847
851
6805
6789
10383
8871
3280
3560
9630
9909
1318
1564
325
1085
10484
8519
210
2264
4260
957
9932
764
10195
1481
1792
329
6614
6363
3676
3411
307
1287
4826
6600
6442
316
5375
1551
2124
4160
1559
6378
8952
464
853
3716
8629
2181
6284
6649
6486
332
8976
8748
8448
6226
290
8923
9013
2217
1791
6067
3866
6500
867
167
1455
8927
6091
6391
3180
1560
6594
3511
6321
8734
6408
8570
211
10876
293
3595
3099
10338
7290
10105
4132
6059
3183
8988
6261
8568
793
8733
3306
8356
1591
3069
10879
1623
3227
2202
2570
10467
6833
10073
5672
198
2491
7964
8171
5142
7996
4985
9215
5516
8049
10532
5476
7761
5185
10026
992
2866
9485
7831
5243
9626
5108
9167
4977
10544
888
5972
7525
5224
1766
5861
10072
4925
5302
7671
2879
427
4651
9700
9954
9538
7474
7657
8305
5749
9571
7088
2364
2476
10490
8344
74
1412
5399
7389
5870
7213
9640
7258
2373
8002
9535
7372
2946
4648
10756
10512
10794
7821
7379
5151
10120
10044
8186
5452
9717
10233
5092
10489
7605
8309
5454
10581
6917
10350
7637
1102
1979
7103
8046
10066
5124
10872
963
7021
9616
8015
7573
7717
7181
10475
5926
5123
7112
1939
10871
10675
9217
2427
4786
7956
10367
5824
9786
7287
8080
2440
8003
1748
5583
10213
5607
5709
9647
10269
2510
5071
10347
5154
977
9310
3408
9366
2890
2072
6929
5326
10303
5393
2482
6976
1104
5047
4796
7804
8100
10514
5523
1355
2429
5466
7836
1163
5983
2572
5064
7930
7062
4864
7754
4895
9491
2473
6938
2934
9702
7889
1687
5922
3161
3750
5511
1744
7445
2259
80
94
4666
651
915
2779
5121
2332
9113
6965
10214
9444
7259
7588
9721
7104
4578
4649
5376
9500
444
8819
3087
5013
4003
8593
705
3065
741
3597
6181
6289
3567
2273
8776
6673
10853
5244
3561
6342
4048
360
4390
9427
1257
6134
492
4590
7506
2830
9979
1911
2128
4445
2613
8589
8950
3731
609
1332
6052
1996
4000
565
6759
3994
9452
6555
4421
10302
223
8457
10863
5027
5344
6471
7793
2712
3520
4068
1384
4196
3900
4350
2692
4143
3867
4004
1299
3865
7026
4043
5510
5883
7447
9035
4181
3549
8957
9037
6548
3689
2123
2165
4420
952
9374
5203
5879
4707
7499
788
2193
9963
125
2369
4628
10271
6450
7548
8984
2803
3428
3279
8905
6235
7594
6871
1362
3698
1643
7358
4046
3903
3661
6770
5340
3381
6842
716
1495
3295
4010
9826
3164
1621
8743
6319
6336
3198
9635
594
5188
3066
4302
4377
4372
1356
4052
681
4059
4637
7686
1941
1373
3494
6821
3054
585
141
349
3522
6841
7160
1067
4454
10769
8883
4978
10737
4541
5161
10529
6143
8667
10826
3195
8708
6578
3268
8433
113
766
370
147
1195
409
491
1056
77
2753
1275
4252
2595
1353
535
775
1598
6541
4206
8415
2766
9453
1449
5232
4878
2002
1799
9431
10656
10677
5400
5752
4687
10162
2056
1087
7156
10174
5986
9149
5417
9460
7157
7403
10442
2967
2532
2564
9969
2432
6982
8259
6892
1189
2371
5220
1156
2506
7141
8065
7123
1249
7581
1029
4988
9613
5231
2447
7249
1807
10716
10505
228
510
5261
5477
970
7378
9159
5878
5170
4862
9400
5435
5169
9796
5949
2047
6454
7999
6992
9349
8056
9580
9944
2016
9658
7973
5233
2381
9624
10317
5014
2399
9639
5464
2414
5418
7534
9157
9776
1148
4821
1259
7998
1357
9607
121
62
4696
2330
7910
7913
4960
4959
1133
98
731
618
855
920
2003
188
1
268
1218
818
189
