821
713
189
640
1491
2203
3674
2222
2108
1711
397
2588
5594
4816
7937
9637
1444
8144
7195
4653
7040
1915
5984
5238
2518
5462
1355
1995
1981
2374
10779
6862
7532
2372
8243
9569
9950
7648
7880
1128
7244
2981
10043
1955
8286
7531
7512
10795
7568
8235
7567
9995
2298
1998
10156
10182
8289
7483
5305
4900
1702
10557
7790
924
7752
9612
10390
10352
7574
10238
9093
7687
737
9638
8097
1850
10582
10385
1437
10500
5904
4565
10551
1691
1065
2446
1461
3907
7186
5735
5920
730
7863
5018
1932
6872
2999
7754
5652
5680
7390
5044
742
10316
1913
2373
5660
5112
5025
5699
7023
4641
7983
2497
4681
4756
7033
4601
5443
8023
6861
7578
5741
2389
8272
7652
2403
5638
10046
8248
9934
5915
4890
7256
6869
5855
9377
9758
5700
5197
9154
10108
5217
5973
2783
6866
5536
1721
5372
9226
4937
2338
7385
2834
494
7788
5605
5795
7836
6864
6857
7695
7346
5023
197
878
4566
7827
6973
1163
2429
8131
2572
7212
5812
5760
6912
5669
5138
5869
5239
7576
7029
5587
7261
5182
9491
7348
9216
5744
6909
4739
7062
5922
5537
5627
7889
5523
4924
7146
6938
7728
9702
7930
9197
5212
7887
906
1034
4864
7466
1771
10762
4895
481
5293
5629
7227
5371
1101
5963
10514
1687
10788
10765
2473
4845
2026
9777
7530
7804
2998
10457
5983
5436
1089
5783
7916
5893
7482
2444
2934
8063
5466
8100
5852
10528
1916
7661
4584
2143
5116
3391
1361
1390
1110
1811
978
7969
2383
1724
5374
2318
4589
9613
9307
7631
9520
9316
10830
8290
9562
10206
5653
2348
8084
5910
9421
10426
2544
2442
93
9119
5105
4709
10490
74
4899
7248
1908
2971
1412
5644
2476
4922
7383
1215
9372
9449
1884
7320
3846
2094
5362
2358
1960
2952
10186
9099
10107
5477
1965
1851
9921
5456
7318
1229
2951
7904
2481
4817
9662
5163
10444
570
5129
4793
9803
9496
7300
9975
5358
10580
2041
505
7584
10410
10093
4672
10340
393
1773
5757
9302
6858
9125
8224
9925
10642
5729
954
8105
9115
5676
8300
10825
48
10562
2823
10405
8127
5822
1453
9961
4815
1009
9952
9705
1750
10667
1728
9751
7467
8271
9338
10112
10377
7989
4579
5554
10531
10463
10523
7933
9524
5479
5570
7153
7340
5759
7329
9247
10281
10787
10209
7115
7049
10654
10194
7342
5545
1418
10086
5960
7443
8085
10015
9683
10154
8000
1241
9550
34
1081
5666
2029
6946
2973
7677
1893
1770
9663
1753
5313
5651
9951
5686
8337
4322
2868
707
2320
6119
395
1961
10016
7694
7546
10833
417
1203
4989
10253
2863
1725
5622
10691
1822
8148
5390
9540
7642
865
5115
4450
510
1439
7718
10041
7555
10330
2992
10810
1807
8274
5278
286
9752
8208
2832
4885
5164
1962
7323
2856
1463
10743
7986
6884
8060
3014
6985
5484
5726
10096
2067
10813
10716
5548
10730
9482
5582
7055
7235
159
6984
5732
7424
9418
1756
1443
1408
10468
10721
10785
3022
6893
9380
9838
4662
10563
5900
2076
6845
5673
10763
9603
7992
1964
9254
7304
1200
10592
10047
4619
673
7932
9592
10443
4571
1000
5088
4979
9250
10017
5886
1933
10091
1228
7119
3532
7806
5763
5109
9929
3713
9968
1114
7731
7849
10447
7479
5080
1859
7669
2806
7321
9506
8930
9796
9618
5717
5794
4941
4963
7559
7689
4638
7589
7770
7076
1767
10805
1959
4720
9165
9601
2014
4880
9493
9732
4790
228
2855
1966
5192
1890
10565
8334
2012
8062
4814
185
3954
3955
5171
7222
9767
968
4682
13
1024
7438
2531
9570
7886
7453
2995
4325
10729
10559
9780
10275
5160
9724
4949
175
1683
9403
8124
4862
9297
9753
1248
1801
9401
8313
5146
10254
8229
8270
2302
9989
1723
8185
9709
10309
2513
5555
4974
2966
2869
4842
7610
4680
680
940
5590
6894
2543
7872
5710
8054
2071
5452
10794
9535
10481
5382
10044
5139
9559
931
7739
2814
7379
9474
5696
10512
7558
5391
9717
7388
10120
10583
4596
9096
10364
10233
2326
10387
5151
7043
67
10756
7737
8193
10549
8186
2946
7372
10413
8216
5038
9397
9337
10594
7821
7051
4991
6957
5276
7220
4636
4648
5145
2886
9385
961
893
10366
5562
7820
630
5024
8158
9578
4992
5424
1701
8103
9272
4622
5268
2559
5663
1096
4649
7824
915
42
8163
9462
10282
2368
4834
5307
7940
89
33
94
266
5695
5664
5077
1272
4411
3843
4300
3837
1273
1565
2256
3257
4010
708
3835
896
2706
5064
4905
5412
9153
10307
10395
5817
4970
10653
5196
2890
4825
9859
5265
10342
5237
4903
977
9104
3815
1298
2050
10718
2482
873
5469
4997
9331
9722
9669
9248
3261
670
4620
4796
7727
8187
9224
2829
8326
6935
4608
7022
4614
1010
2534
5225
476
66
8107
9313
3293
5257
10343
5275
5713
5464
746
1417
273
9182
9726
9370
9639
5468
8314
863
10818
6976
10612
5540
1148
7280
9648
158
6883
5532
7508
4102
9310
1504
5786
2988
9262
7132
9106
8252
9225
7445
5801
1744
7703
7226
5235
4599
2904
944
10311
4827
9485
5870
767
9178
7389
7170
903
511
6889
992
10458
7387
5399
7213
5927
2866
5775
5033
7044
7831
9172
7602
4861
260
2039
5684
1868
2345
5912
1411
1322
1131
3871
1294
282
925
4141
2008
8241
5176
2990
5853
194
4798
4696
9645
7199
5905
5656
2924
62
27
1234
1060
5890
10732
483
8310
10110
9713
5039
7683
10262
5837
7922
9744
8765
6359
3445
3930
4090
1315
2619
597
612
2616
2732
4392
4088
4086
2337
8188
4091
2741
5050
2739
604
2384
2317
8610
3884
121
1279
3993
77
2606
4496
1286
4406
1465
1287
504
4241
9848
2661
4298
3832
1497
1278
9903
3838
4049
2705
44
4404
1353
4012
2596
1174
1270
2713
1260
4296
4455
1399
1370
4470
1285
9855
4544
1364
3949
4555
4038
9878
9829
4299
4132
6450
6486
8555
132
2633
1586
8890
6805
5871
10219
2201
3223
6788
3382
10775
5223
7878
10028
2541
3704
464
6843
6842
9089
3476
6352
3714
3062
2284
1514
2231
839
1516
3513
1576
1532
3242
582
6015
2191
6822
2184
3641
3634
6308
6480
1521
8862
6560
8556
3473
825
1570
3215
3828
8395
3038
6040
6044
3761
452
8206
7279
1100
2019
2316
10671
7562
10568
7815
6925
8064
9203
9480
10356
7730
6867
5384
10301
6917
10655
10541
7838
7835
7563
10489
9185
7476
7605
7489
989
9249
10391
10014
2294
4840
7877
10581
7135
9749
7740
4809
10509
1716
9599
5762
5454
10326
9634
8309
7457
7797
7881
8046
10159
9166
2717
1368
2196
1735
1003
11
1186
9
19
15
7521
6592
8479
9114
6775
7909
10304
9665
7587
7149
5950
9597
2851
6959
2311
5706
5584
9174
8773
8303
7529
9923
9734
7607
8769
5321
10537
10650
10604
2520
10536
9347
9867
10127
5778
5291
9931
9342
9206
5363
7426
913
8030
9126
7585
5503
5677
3441
9560
8016
9242
5481
7934
9179
9101
6765
9141
8820
6598
8329
10157
2903
7579
4613
5216
10816
9704
9440
10401
9982
5675
7993
442
10814
4792
5753
5568
8223
1323
3969
9872
4094
1333
778
6821
6223
2723
2901
4279
4418
4161
6222
3267
8368
412
369
498
365
368
1053
361
1056
1483
362
1049
148
364
8770
6608
2463
5566
6061
4724
1912
6212
6011
6381
10892
3163
8434
8914
3715
6564
3543
2124
6197
6228
9896
10809
5772
5531
4245
8951
5465
6776
8589
1391
1781
1780
1786
1776
174
200
500
8863
8782
5098
8435
9192
10874
8458
10555
8161
1734
3136
5193
6168
2679
10257
9635
8230
1872
2309
10321
3187
6599
8697
5420
9130
10484
3110
4499
4157
2749
9884
8780
2718
736
1996
10863
6019
3104
3334
586
4593
166
4711
8572
2157
2254
5354
9772
7674
10695
5557
3839
5769
2793
7415
6378
1887
1373
4831
5300
6953
10359
5711
7377
2499
10358
5335
7375
4654
4944
9999
7697
9949
3023
5320
5488
1289
173
3048
6850
8535
3338
6643
8541
6138
6314
4382
8568
2248
6724
3520
10876
17
1678
1002
4950
90
1947
974
2636
39
4699
593
29
8734
830
8428
8430
3035
3511
6240
539
4776
1556
698
696
3727
695
693
697
8854
694
700
4138
326
1790
1784
1792
164
120
337
1782
373
113
171
351
318
101
332
372
330
1787
1481
324
1789
322
317
766
341
348
343
143
339
355
345
479
917
323
520
144
357
359
1196
329
149
1791
10868
338
335
140
199
349
346
899
334
344
358
475
141
208
340
139
353
327
347
331
352
336
1788
97
206
129
1795
354
3804
196
6516
8398
6578
3737
6813
3289
6357
6462
5991
8810
493
6677
8786
6570
1531
3428
6410
3431
3279
3527
8591
3195
3268
6544
3439
8676
6710
3556
8888
6614
8708
6342
8433
3253
3117
1898
6589
10767
8454
10165
271
5350
8714
6439
8688
7952
3991
4019
7604
5640
3005
8226
8109
4676
2419
5765
5148
7870
5130
8267
5691
9756
4848
10242
4669
4976
5959
8322
2524
5411
1166
933
9680
5731
10260
9629
7206
10361
7094
7370
7345
10550
10239
10264
2811
9552
10637
3181
6468
6607
8740
8727
8396
3596
6249
8590
3781
6031
6386
6307
5998
8922
550
8880
6619
3559
6361
8906
6012
3619
9026
3799
3180
3735
8932
3577
10392
6310
2478
8459
4351
8465
10211
9553
9059
298
2830
9594
461
5508
7556
3986
8389
870
477
8551
8612
5423
8955
5260
4954
4693
6387
6368
2547
5094
1717
2639
3963
4193
1350
4172
9818
4549
4475
3962
2597
556
948
4490
4121
4557
4375
4017
3872
4052
4495
4232
2652
4044
1343
9852
3952
4134
3891
1348
3885
9842
2658
3831
4022
4130
4058
4335
3998
2589
9892
4175
2659
9821
2638
3852
3948
2654
3874
4468
9908
1344
2655
3873
9849
3977
3877
9914
3855
4224
4448
2710
1274
3996
2657
2656
9911
1394
4376
3911
2590
4336
2663
2675
4041
3845
2714
7308
1648
1121
2912
6679
8808
639
2190
1715
6337
1839
9973
1837
4686
10126
9608
8263
5528
8175
8034
9490
10699
8090
9423
9596
9258
7296
5173
2480
10114
4860
10130
7714
2305
4881
10121
10349
9997
1466
10325
7523
2821
7418
7749
10155
2063
6928
9984
8153
8029
1147
9296
1471
1941
5681
6879
9277
1480
370
6261
3012
2604
4875
941
2314
2046
2817
1207
4935
10635
1854
2982
5187
9333
4987
7617
4874
1247
4800
1006
9280
5069
1027
5854
2469
7152
5365
7799
7374
6918
5277
5179
7554
1448
7311
9180
4670
10817
7484
5679
5634
5106
1135
7313
8010
5175
10050
9598
914
10378
1708
10498
4769
5419
10584
887
1761
1883
7239
3024
10075
10791
4764
2005
4908
7945
10396
5979
2978
10098
5730
10438
9567
5780
5980
7384
1059
8194
5349
10545
1001
7159
7166
3836
5433
4955
10774
2350
109
984
929
10628
438
2763
9292
10846
10181
7492
5306
10184
1044
7874
7175
4873
2943
7571
10049
7423
10843
8059
5311
9121
7779
7763
7284
4933
4984
10530
9253
7923
4561
2577
7275
9563
10504
5793
7265
879
7004
862
7067
5162
9716
7509
1709
9489
111
9097
7861
2980
2456
5444
9602
7961
5377
8082
2086
10627
2082
1842
2883
2641
2962
7765
7427
890
5928
5924
5246
1450
49
7264
2807
7775
4652
1094
1705
5100
7059
8232
7844
5902
1894
2921
10542
5085
10418
7242
5029
8276
9996
4768
2542
3020
7805
4767
5821
8050
9389
436
10807
5728
7968
1877
7715
8264
2519
5097
9186
900
1704
9621
2452
10659
7684
9770
61
8228
7376
222
9497
5201
4664
7664
1124
5072
5442
1452
2579
5909
7200
7202
5908
4961
5906
5658
5657
5907
951
7829
1692
7912
7910
7913
7911
4960
7201
4962
4959
2330
2959
904
1829
5826
195
2122
4779
1366
414
387
603
1171
1970
2061
1727
7856
7042
7762
1440
7735
2400
2780
2472
2093
2102
2512
2809
1907
2470
2073
5811
9334
9531
7729
5082
8071
2413
2503
8240
907
10493
10815
624
9434
5431
2299
73
2974
2475
2871
745
2418
9655
8177
5842
7246
4795
4655
10246
10371
5520
10345
10100
55
5251
2521
7312
7462
2505
10149
9945
7230
759
9367
2922
857
2560
9765
1843
6954
4575
10620
5823
10368
4975
1145
6890
7144
5716
9659
4773
9393
7925
8037
2315
2055
2840
10034
9209
9321
4733
10640
10035
6878
3009
2064
5551
1968
9451
4772
744
6916
5333
1681
1745
4912
6897
7190
2927
78
5317
4888
9976
4993
910
7845
10476
1882
1167
4971
2837
5309
5016
4723
2842
5674
5428
9094
4635
5181
5441
2002
4659
2047
5894
9557
8098
2772
983
5144
10037
5170
5637
10567
5954
9400
5177
5522
7528
5169
5703
5435
4878
6896
8123
8066
8018
7931
4857
5497
5809
7283
7696
5800
9790
5198
7142
5816
8277
8266
9523
389
5136
5232
1449
5388
5153
7351
2626
2797
5914
5761
10598
5946
9492
9323
10025
1047
9518
4577
7685
7258
7178
9687
7625
68
4633
2805
10118
10023
4609
5884
1078
8247
614
8007
9348
7972
7726
2794
2854
970
2953
7540
8249
7047
5206
10665
7741
7539
10145
2013
7006
8218
7114
10147
10144
10146
10141
10142
10143
4647
6992
7999
2969
8027
8275
10241
2447
9159
1130
10609
2813
4784
1435
192
932
930
285
973
7649
9620
2031
5564
953
7097
7960
2121
9813
4254
9926
4235
6814
6454
5714
3667
75
3178
6132
8524
3458
2245
686
535
3065
773
824
6269
5996
6105
8495
2910
8840
6757
3356
3409
6400
6158
6638
3474
1652
3465
3275
3478
3124
6141
3053
752
1664
259
952
6455
3684
1571
2148
6291
820
3173
822
3699
1365
2244
3469
5413
9478
7069
5339
1451
2816
1814
5511
88
10192
8001
5543
1242
2414
2072
264
1406
5690
5847
1104
5955
1749
10666
5868
5200
3406
909
5059
9468
7209
1026
5326
9160
7862
9499
5819
2843
5011
10538
7825
8075
9238
4729
5719
5073
5047
5211
8222
2880
6748
9157
7942
6929
1917
4763
10558
10733
6903
625
10724
9317
7978
10045
1993
8101
928
1122
10591
7903
5862
7197
5234
5009
2801
9673
7121
7974
2773
2404
9366
10303
1831
10416
2459
9776
2824
10420
6993
515
10824
7782
7936
4624
7177
7534
82
1161
4586
5418
9835
1259
3212
4314
5547
5397
8137
5636
2033
2183
2270
1560
711
8781
469
250
6470
8804
3121
6144
474
685
1655
315
217
415
836
473
3434
2188
482
6292
8601
8615
6642
3091
9015
8353
5147
8853
10001
5850
10587
7432
9111
7711
7338
5916
7894
9737
4027
490
3288
775
705
741
717
6301
3429
3665
8450
3402
823
3330
5993
10878
8643
8855
6745
8595
6740
6108
6548
6441
6716
3464
6512
10859
6114
3323
8623
8642
6804
8896
8848
1657
3689
3643
8965
3823
6606
2112
6289
2757
4180
4186
4453
4458
4378
4480
2678
4473
1346
2684
2605
755
4264
4256
3834
2637
1275
4073
1263
4133
4255
669
9877
4234
4308
2708
1271
4306
1261
3972
2753
1310
83
2583
4129
9834
4266
859
9833
4075
2760
3926
4313
4444
2712
1222
1396
3875
2584
287
4305
3968
4463
4318
4451
3854
9826
4182
3853
1336
4021
9916
3971
3906
9807
1264
9917
4410
1118
1392
4137
3987
2602
4233
4047
4477
3990
9891
2603
4405
1345
2628
1400
2702
1329
1303
2608
1312
1307
6293
7054
3081
5949
3097
9581
3126
4576
8692
8199
2666
3944
4707
4877
10433
7439
9527
2205
3369
2287
722
1617
8677
6213
465
6095
8414
8632
6008
8825
8625
1632
6229
8801
8629
6620
3614
6102
4421
9860
5721
3016
7624
8383
125
453
420
118
9754
4671
1082
7595
8258
7464
1529
3653
6190
2180
142
8726
3677
2010
1090
6553
7053
9477
7290
2097
1852
10288
10861
5857
10543
71
1088
8889
3403
6225
6785
10890
9586
10848
1098
975
5346
7672
6983
955
10722
956
10769
4717
169
221
734
2219
4120
3685
6248
6595
6257
8683
6663
3599
6032
6194
6501
8974
8817
6457
8783
8792
4525
9894
6217
6091
9032
6495
9013
1291
6155
7118
9470
5107
10634
1297
9615
6311
2105
8766
8829
6541
6507
6374
6171
6436
3820
9057
8686
6064
3134
117
3127
4590
8659
3306
3278
9088
1591
787
633
840
8920
8674
1575
8563
9657
6120
3630
4368
6444
5132
8733
2369
9610
5140
1300
2263
3678
3612
10520
3690
411
4389
3918
4398
4394
4388
6448
4673
4616
439
8802
5647
3901
1331
2351
7485
2704
6496
6707
8816
110
3112
460
8468
4697
10606
1318
5525
5633
8512
4377
869
10450
4262
569
9682
7848
1256
8790
4433
8763
10547
2689
325
6816
3639
10715
2069
8828
6475
6435
6711
4387
3922
3637
4391
4383
9516
4856
4319
1389
6753
1812
303
310
299
300
302
396
311
383
308
306
392
312
304
1886
6506
6534
9123
7692
9271
9636
638
667
6273
2742
3936
1359
2938
5056
5361
1601
3399
10900
4774
2810
6994
6849
5600
1187
5002
6094
10857
5401
3078
3300
10454
10133
9857
3953
6267
400
3380
6210
8861
519
9270
7542
2591
3551
9052
966
4188
7924
4500
4445
6538
295
2795
6298
9463
6960
6874
10626
7693
2715
2754
4140
1058
363
1210
1054
1209
176
5498
1472
2189
6826
3616
4228
2290
7465
209
6442
802
3250
8846
6017
3950
5081
2873
6052
4828
9009
6778
9086
6540
6715
6649
6187
6049
6581
8761
1661
6409
3213
8507
534
3211
3538
6109
3468
6802
2209
8402
8768
6274
3132
8624
3724
3191
3304
8587
8741
6367
6237
8832
8759
819
8867
1593
3040
635
6562
10248
6356
1069
5161
4568
4467
2545
8110
3331
385
9046
10867
4250
5089
7024
4498
7798
720
2378
8988
7958
10589
8669
8603
8347
3366
637
6172
6059
8413
3182
4149
4285
2054
5530
7095
9211
10705
10228
5228
5792
5482
1436
1064
4759
2038
9294
7784
5897
9353
5126
5985
10008
9383
1180
4755
9175
238
4573
7614
658
10404
9265
4168
6584
6720
9355
10792
1733
922
4324
8943
45
7332
9048
8089
9918
1107
2240
2438
10424
4109
8675
4978
1257
1861
2125
2902
2398
284
4026
2615
2613
9000
6531
320
1455
9042
6184
2908
653
2665
4439
8709
6063
6783
8876
4385
6520
1327
8735
1282
4053
3719
8996
6519
7481
10064
3501
7759
9275
838
7412
9994
10578
5891
5526
9545
5143
9549
5427
7301
5785
4762
1076
10759
5315
10076
4896
10360
1387
6445
2635
2752
3876
2592
3979
3847
9811
590
4390
4386
3928
4084
3920
591
912
1339
1332
609
1328
902
2726
3254
6493
8982
1217
6256
8196
155
9233
8959
958
610
6786
1046
4523
2691
4518
7045
8980
9761
10834
1338
7086
6691
9747
10440
4511
6335
3816
9886
2947
6732
3960
8660
3043
4139
6768
8373
8074
542
2722
10179
7070
232
5103
10412
8133
8045
10657
2333
10745
7416
1007
1206
2052
7285
555
9189
2354
1308
3725
10826
8581
10679
960
3822
9103
8412
236
8713
2040
9376
6743
9033
8775
9729
9413
6373
8913
9379
9005
0
6174
8723
4301
3662
3480
834
3157
3283
3396
2118
6125
3410
1558
3221
3363
8456
7247
8701
4521
2598
4334
9415
8047
7767
9793
9962
9965
230
9070
763
4127
10895
9993
4534
9831
6706
3790
8973
4247
1599
1362
4187
7997
3917
4078
8785
5005
205
154
3140
391
10725
4326
2408
59
659
7698
8371
1416
8437
1760
646
2274
3419
9712
6517
5066
6096
6628
8545
1707
1011
10886
1642
2275
6331
4242
6294
4
4338
3638
252
6477
9061
6661
96
4462
1493
9784
10714
8406
9003
4113
6823
783
1719
6020
10866
6709
1129
5450
6459
9001
6451
3879
8654
6067
3189
6432
8805
6110
8515
470
6046
833
3810
541
2149
3271
3470
6456
6038
3287
3655
3355
1507
780
3447
8464
8509
6220
3082
6208
3154
2175
3769
3450
1660
3558
3817
6180
378
8539
6478
151
9378
1014
178
163
1428
434
1580
6550
1276
10873
7091
2158
2115
1644
2155
3296
2120
8358
3259
3682
3233
1630
3115
3041
1495
844
790
275
3640
1631
278
2235
6007
2107
1535
3367
6124
3760
6761
7756
5885
5010
2881
5274
1427
7516
9341
889
3696
4280
10894
7255
8858
9779
3924
9196
6196
1751
3371
4461
1184
8736
2719
3830
6659
9675
3753
8938
4170
3798
3350
8887
3244
5453
2322
6377
4042
2936
6394
6728
4742
9494
1830
2024
8482
8644
3467
1050
366
918
1482
150
648
1484
1057
1052
650
1048
6002
8439
3603
6264
3751
8851
6083
6579
6795
3555
2264
1457
4629
6384
8695
1808
9017
1542
6734
7953
3691
6422
6224
9146
58
6719
184
911
3994
2233
9043
1563
6626
10761
10058
2915
4237
8931
5524
1605
9866
6393
769
6557
6286
16
114
8537
1754
6268
4481
3787
2111
8672
3629
3970
4297
964
6276
8387
1566
6694
6207
3652
8374
8420
8814
3608
532
6640
6136
809
1649
6755
3056
8517
6154
8528
8934
1250
7778
8448
6792
560
2528
943
5580
9090
7655
1911
8912
8991
8227
4541
7160
1349
2586
2699
4230
4040
2700
4401
4011
122
2339
10020
2259
95
674
2458
1718
1765
8221
2997
1873
9974
9943
7139
4940
598
2450
3011
9356
5387
1185
204
5167
5037
6910
2540
10128
1938
4738
4750
7260
5798
967
2327
7901
10298
2508
219
6847
9219
123
5913
7822
6961
2975
5945
1144
1923
7854
5430
3028
2416
5829
4725
5791
9433
981
5051
935
2051
2964
4843
106
9382
5322
10757
9416
5376
1419
281
1793
296
7236
5668
7111
1900
40
762
444
1424
10701
5779
5048
891
3782
6770
2200
4236
9539
4540
3583
2818
5671
621
2430
2237
2686
1402
9885
6026
9731
1031
6287
290
6391
8923
6469
4897
3167
7543
10602
3560
3748
258
257
1693
8460
938
10485
6372
7803
815
5643
210
738
6041
6000
6443
8921
8984
6609
9076
2220
8794
6283
6113
594
592
606
10018
4429
8366
8915
6670
6737
8547
6392
8596
3743
3693
8960
8494
6395
3186
6178
6375
6265
3680
6086
6825
8645
3393
8532
6288
6817
3504
6073
8476
9072
3718
2277
6518
467
3606
2187
8386
2117
2289
6416
6588
6130
8833
6763
8681
3321
9847
2126
8961
8788
8651
2123
2226
6675
6572
8461
3676
6573
3200
2134
3705
8531
8670
1596
6490
8637
6411
6281
3448
784
10864
8653
8652
5203
1284
9745
9827
3010
5409
7550
10821
7196
4239
249
5736
1158
7297
9901
3481
3826
1134
7000
676
675
2555
2640
386
399
307
3939
8757
957
2313
2355
8253
619
2507
2297
942
919
8942
8162
5683
10473
3672
6423
1106
5178
8784
7884
874
4854
3801
5438
6353
810
4548
492
10529
864
2593
9484
6118
8580
4698
5510
4623
3716
8799
8356
6043
8821
9087
3077
8797
4457
4320
3914
8986
4082
8905
6408
6801
5999
6447
8767
8748
6045
3162
3316
3083
6644
6697
6511
3183
3584
8377
8369
8755
6437
2144
10852
8485
3499
6684
6431
6664
8793
8469
8985
8963
6034
6434
6148
3632
6648
9060
8844
9091
6693
6263
8542
6369
9055
8864
8415
9044
6532
6806
9079
6558
6583
3249
6744
3397
9041
3277
207
2552
5110
6767
100
10389
8600
895
1537
162
2246
3938
4016
4046
6321
9588
10379
7499
1824
2756
2329
3851
4227
4059
688
3988
4486
9904
4317
3904
4309
3989
3997
1258
2425
4103
9889
2651
10897
2643
3858
3980
9862
1363
6875
5336
8308
1545
3927
5204
4095
6122
10095
3071
7517
4542
6089
8800
3353
6421
5995
8385
8384
6653
6371
9019
8823
8367
3571
8837
8724
8501
6689
6798
3264
6810
3044
3175
6807
6488
8362
6438
3153
8655
3592
8381
5883
4863
5480
8405
3433
404
8519
8135
9344
678
491
4251
4089
4097
8712
8715
8946
985
7789
9617
1214
7333
1112
2683
4295
4474
1401
8009
1165
4291
9800
1569
1688
5117
6820
489
3539
3219
10167
1226
7639
218
9235
9267
5079
7007
7028
5296
8315
9138
2923
10615
8268
7733
1748
9133
7408
10207
1243
7027
10006
10341
8281
9424
7917
10323
7198
8031
2891
988
10561
10482
10613
8055
10648
10290
1213
5969
7330
10289
10487
5911
627
5492
5650
4732
7640
10240
2867
7811
7843
5789
7270
2053
4408
4072
4013
3339
1140
2861
1954
2825
1820
7552
5552
8293
7724
7151
9220
7979
9405
7402
7360
8083
10796
10065
740
10607
7656
7892
8599
8043
7783
7325
8341
9110
6683
2407
7291
10292
4595
10294
10293
9676
5615
1137
2882
5598
10585
6731
10811
9530
7165
7344
9632
10169
5937
8296
7800
10291
7832
9328
8143
9789
9565
990
10178
7853
1288
3783
5209
4901
8246
2036
5776
1958
9436
986
9266
6945
4923
9500
2028
4578
9481
7140
861
7823
1039
7214
10845
9410
2387
9688
10267
8317
7710
4951
5068
10153
2812
10831
2565
2781
10119
9445
9447
6987
4981
5015
10013
7899
2766
1293
998
3982
4267
4278
4364
9899
4268
4538
9895
4035
4025
2649
4371
4526
4437
4537
9893
4154
4119
4028
4287
4509
3985
2646
4366
4207
4417
3981
4438
4197
4350
1290
4195
4110
4430
2645
4222
1013
4369
4529
4029
4032
4116
4272
4158
4201
4005
4220
4424
4217
4354
4536
4413
1354
2693
4504
4115
4062
4068
2687
3900
4219
4288
4363
3869
4505
4111
2692
4202
4517
3897
1025
4214
4362
4064
4357
4215
4358
4524
4442
4528
4070
4508
4063
1384
4431
4270
1423
4427
432
3984
4196
4166
4441
4209
4104
1030
4001
4522
4164
4198
3867
4443
4221
4531
9898
4345
4415
4145
4213
4353
4153
4289
4360
2688
4535
3865
4290
3899
4143
4002
4203
1295
3868
4420
4067
4374
4349
1299
3898
4514
4502
4199
4275
4532
4440
4533
4004
4118
3864
6055
5990
6784
2136
2276
3803
8978
3224
3758
3776
3437
3793
8976
3491
797
6243
6576
4069
172
375
1779
1486
170
409
6695
316
6325
6315
8657
10621
1409
2485
5053
3443
7722
6203
9171
4225
9864
4446
5473
1042
5563
5943
10772
5550
220
6931
7842
5369
9814
2751
704
3395
3841
1479
9409
2285
793
2193
8487
6524
3248
4600
1155
1796
4674
5242
4580
2361
5157
7850
4919
4050
1818
6482
6112
3681
72
3150
3739
1651
827
1505
8719
6003
472
1533
1673
3294
3101
3201
3159
3490
8449
6615
3076
3105
3529
2281
6029
8658
6322
6025
2174
8523
1585
6150
1600
2007
6491
64
3013
3580
2131
168
1441
5827
1015
7690
7561
5004
4185
9600
5581
7524
7860
7987
2291
7654
9371
10007
10436
10629
8220
7745
10823
10334
9711
6943
8156
750
8255
8141
749
7328
10101
9304
7266
10079
10106
10134
9486
1407
9920
9730
7210
6979
10111
8121
10388
9546
4639
5898
9430
10278
7335
2328
4907
7495
735
1869
549
9228
5844
7404
9728
10117
7052
2945
2360
10033
8116
10535
2573
7150
8041
9650
2084
10191
8069
5102
9201
7598
4930
8151
2292
9461
10553
4867
7224
7929
10402
7991
5060
1864
7413
1865
7919
9583
5286
6898
6580
8067
9446
10348
4456
5342
3721
5070
4791
3663
8357
6623
3636
213
4260
3976
115
8648
4516
2501
8950
3497
8325
1378
4553
6364
656
463
3651
4051
9131
9327
1488
6681
8492
3827
3726
6543
10822
1552
8594
233
7957
5270
1752
2672
2819
6969
2495
10105
8159
10338
5472
5747
1755
1113
10711
7491
5392
3374
543
8616
8457
3462
8678
8928
10856
3265
8754
3152
6645
3345
9054
8933
3206
3525
10851
6483
6781
6406
8911
6157
6183
6811
6654
6167
8493
8573
10855
826
8557
6593
6099
3742
2224
8787
3578
3343
3327
6680
6320
6674
6080
6660
6754
6733
3581
8990
1522
2223
3814
3344
8710
6218
8359
8477
1595
6637
2141
6500
1620
1502
6730
846
2116
3305
1589
8436
3679
3243
1623
9902
3886
5394
9865
1224
7188
699
9819
6618
10713
7691
10039
3671
3829
3569
3148
6104
1519
3108
3199
9805
9808
8745
4271
3120
3347
8803
7204
5188
240
1646
3618
2682
2701
4261
1730
7358
4665
1212
4656
2027
10322
6726
8455
6621
3771
4902
5705
6191
10302
3775
10403
10639
9522
7357
8190
8102
9181
5172
7154
9132
7748
5207
10669
5312
7168
10347
5607
7314
7514
7663
2525
10180
1969
3887
3902
182
9836
3848
7085
7124
7755
9381
10351
10078
79
4045
584
9815
6789
1546
5903
9016
7527
9706
1022
10693
5389
7442
6939
5881
9932
2566
901
1934
9508
3463
2252
1628
1624
848
3779
3591
6097
3746
10879
3542
3226
8411
5987
6238
3495
3664
3190
6139
6302
6100
6522
3493
847
3472
2167
6179
8505
3649
3550
540
3383
3519
3791
6234
6499
8843
6014
3754
3415
3225
6185
3151
3412
3615
3362
6259
6227
6769
8349
8484
8764
5491
9983
1111
9318
1070
7257
1431
7262
5319
2080
5978
5455
9555
2671
2434
5410
3365
4727
10069
1221
3935
4136
4380
2815
3925
3915
8013
9678
9502
4085
5415
2799
3978
4603
6824
1375
1376
1170
2172
3351
3642
2153
8408
9027
7507
5939
5310
2000
433
7182
995
1281
5341
7324
7134
1875
2490
5348
7603
1445
10353
9282
4574
10427
9105
8470
7347
2610
1302
1304
4253
7003
7498
8231
2558
7148
9967
4341
7078
9098
4788
8160
2523
7440
5099
7288
2392
5021
9291
10010
3030
4925
10751
2370
9538
4651
10806
8299
9960
9674
7865
7867
9195
8201
10748
1922
1178
5617
9293
1231
1386
544
496
9958
8092
8061
4803
4956
6888
5738
7971
7949
7518
8238
7830
5606
8305
9740
7218
9521
5483
10057
1179
7174
8093
9955
9953
8225
9652
7474
9571
6891
8040
427
1168
2826
10216
888
8280
4765
9956
2515
5471
10497
9554
5860
5810
502
10596
9144
5302
4999
7591
8168
1990
5421
7671
5936
8114
8011
9733
4646
7943
9651
2100
9218
10036
5815
7364
10544
10524
9156
7001
4744
5249
7601
9448
10750
5972
7309
5865
2539
5964
5704
6942
7398
4675
2428
10747
10466
7088
9488
5917
7982
1766
10836
4020
937
7120
2300
5887
5749
7680
7366
2020
8130
9666
10362
5888
7171
5259
2879
8344
6990
5718
9954
4998
10753
5224
4679
7525
8129
7944
7857
8192
9788
10072
9487
7645
5467
7657
10752
2364
9959
7099
5294
10332
7327
5957
8288
10749
5861
5000
10569
10643
7633
5559
8128
1421
5128
4778
7080
4994
9957
9700
4927
2761
9517
4932
991
7896
4904
10210
10026
4820
1142
8203
9164
2876
4832
9782
5601
5672
5052
9411
10004
10670
4958
1729
7422
440
5589
8304
9469
2479
1077
7819
760
2792
972
107
7
5618
9036
5642
4983
987
1036
4547
1021
6966
5035
10059
8282
1825
8302
10109
1012
7900
4879
7535
10599
2857
7665
7888
1115
2844
7129
9948
7228
4851
7891
9330
116
2733
6863
7254
5065
2325
7812
10474
10296
5848
10370
1871
4581
2935
8017
10151
7536
7274
4921
2025
5707
3018
7019
5487
1138
4945
6937
7286
936
883
53
9231
5828
6885
7434
7208
5378
8195
4690
5708
7935
5833
8171
10697
201
1763
1235
4273
719
1953
1739
2546
4096
1984
8423
2385
4564
9075
1874
4092
2011
2464
5017
2767
2301
7382
1033
6295
976
1464
7859
2169
2186
3332
3557
10798
10760
2898
8343
1120
7847
2380
10170
916
8323
2991
894
10683
5839
2895
1714
1902
2798
9295
1237
9660
4263
9801
1682
3957
2208
2286
1132
835
8582
8869
6636
8463
6404
10052
1694
10266
4559
4192
8667
4397
2827
6355
4339
8975
3908
7594
4996
4454
6313
2267
3008
3764
4550
10692
2204
9627
7428
6135
8892
3245
8607
1080
146
1487
377
1489
499
105
1490
9850
4716
248
3943
4238
1572
6930
4123
4039
3850
950
9065
8577
6539
6525
8432
1638
3309
8558
9074
8638
754
3130
1573
3205
6771
6658
3263
6428
1499
8895
6651
305
301
309
3436
3373
10687
1679
7176
5572
6926
6760
6252
5241
3882
3861
6151
6698
3818
6396
8893
5879
2697
4055
512
10229
9240
9817
9936
2747
9798
4189
7253
6780
1643
8791
8927
6836
6547
6226
3647
3531
8779
6081
8879
6452
8503
4274
10177
6072
6340
8836
8997
7882
8789
6380
8427
495
9830
6401
10651
3260
8379
8703
6949
563
10875
3881
8518
6738
2236
2960
8609
6546
8536
8852
5831
6682
8716
7143
1105
9396
7223
5667
6156
471
10882
3486
6030
6215
6464
8516
3609
8666
6360
6700
8839
8604
1592
6327
6205
8418
10510
2744
10204
7609
1931
9354
8257
9239
7732
10461
7876
9223
10495
1434
2461
10898
8962
4352
4034
4507
3894
4428
4071
2690
4147
4519
1385
4361
2647
4159
4419
4281
4348
4286
4501
4206
4030
4105
267
4269
4436
4163
4208
4151
4066
4003
1296
4033
4512
4435
2644
4061
4282
4432
4347
4218
4156
4503
4142
4416
4346
4155
4216
4426
4204
1351
4112
1805
4024
4150
4212
4144
4284
4152
4513
4162
4211
4356
4276
4373
4167
4422
9116
8117
9933
9284
10199
8318
10102
10700
9642
10168
10003
9543
9746
9387
9528
10422
9513
10171
9741
9667
9646
10285
4801
5218
6376
8877
3621
8989
3870
4200
4060
4106
4365
4283
4065
4114
4148
4117
4160
4146
6092
7720
3348
179
8841
7868
214
488
3216
5965
2068
1582
9021
8696
3720
1518
6388
3669
8992
2937
9012
8475
2258
10040
9124
10400
10140
10586
6088
4870
8798
1689
1018
4098
3916
599
6028
8301
2585
6107
3426
3146
2262
3147
8510
6309
8316
2182
9718
7468
10383
8350
10590
8283
1713
10883
1674
2629
6818
811
9935
7621
9471
4637
579
3158
3103
8891
3111
9900
2247
7777
6430
6195
3800
1667
4107
5075
2261
7293
9457
9853
6328
4952
3784
2614
1388
1397
3454
8796
1588
6908
8746
8813
6565
8445
4425
10644
6134
3320
9824
1559
664
4780
2664
2085
9810
4883
2173
6418
3184
6627
6629
6461
6667
6065
3552
6312
6494
5989
8778
8375
3620
1671
6216
6721
6232
6042
6142
3170
6528
8899
3785
8941
6424
6799
8361
8859
6022
8845
8453
3239
3708
3050
3349
3709
2582
7319
2838
3544
6280
8508
8705
9365
2395
2933
1062
764
3004
2548
10533
8562
6696
4244
1747
854
2631
5429
8762
3958
7814
2536
628
8164
3208
6552
3521
1598
6571
3975
6601
6624
3329
6616
6787
3311
157
2212
791
6497
1517
6068
6815
6260
6084
8631
6305
6129
788
6244
3235
8571
1319
636
3247
7757
10694
6848
6736
5688
4520
1398
3759
8442
8403
8935
3202
3209
8390
8498
6722
8684
8533
8972
1245
2721
1335
4083
2607
1374
1305
1320
2734
2738
2622
1202
2729
3931
2621
2630
3833
3921
2731
2730
2618
2740
4399
2620
2727
4099
2724
4100
4101
9871
1314
3092
3102
3113
3145
9050
3093
3281
3234
3422
6688
3740
6692
6794
6739
2249
660
3509
3446
3357
3317
782
829
1625
3079
3745
2119
3368
1555
8578
3417
3658
3710
8680
3492
6407
6723
3086
1629
3432
1562
6389
6128
3188
6204
1621
779
6639
6336
2110
3456
6317
8743
8682
3325
2253
6319
6066
1613
3459
6671
2214
795
6545
2230
6023
9024
3568
3198
3240
6306
3524
6429
3372
2251
3404
6079
6808
3164
3335
3498
6657
8903
3582
3214
806
8593
1604
2129
3625
634
546
2271
3098
6840
6354
6009
1500
6523
3466
3701
654
1515
6345
682
7796
3893
2192
390
1470
10271
3941
9002
8490
3137
8639
8544
4472
5076
10428
3947
419
5501
3857
538
709
527
4497
6662
9066
8811
1650
2681
7875
2151
10394
7701
10570
5446
4813
2017
263
1238
4294
7240
1866
9938
5968
9030
3218
6591
3602
747
3707
6735
8441
8567
6246
6233
3723
3650
9082
554
1510
9068
8806
6830
6341
513
751
8597
6586
8574
6339
6346
1068
8641
9063
6585
8929
2079
6537
8352
8711
1602
8522
8588
2166
6147
3588
3420
1541
8924
8756
6751
8668
10858
3358
8834
8486
8753
6533
718
9039
1637
6458
3772
9008
8900
8351
6809
6033
6603
6717
3656
3141
8378
1640
6602
3072
8907
6166
8618
8452
9078
6414
521
6634
3328
3728
6535
3813
3770
8382
6152
8937
3587
6672
8424
3546
3394
6666
8579
3794
6796
6686
6742
842
804
6153
801
777
716
8565
3381
994
3633
2103
2918
1815
7315
3778
5805
1194
1813
2437
927
1685
1853
1240
1066
130
1072
1230
98
268
618
855
1084
731
1
1587
799
422
1999
1513
124
2218
279
3052
1501
254
3610
1218
2003
920
2185
1454
926
188
5263
262
6944
441
1857
5521
6901
8095
7271
4964
5414
2367
9473
7939
548
5359
10252
1079
371
5127
1821
7588
65
7950
5824
10889
9708
1220
4685
10305
8015
10074
9526
10870
9544
9312
5796
7103
7110
1172
10819
7744
8265
9616
10871
7497
10152
10646
10790
10350
10647
9654
5001
9786
9721
7021
7716
9696
10849
7359
10032
7259
2919
7305
426
7956
9414
10675
9727
10636
9444
7717
7787
10380
10183
8080
20
9548
10887
10492
7895
4786
4570
5597
10318
10740
9964
963
9566
2427
9129
7637
6965
10501
10409
2852
7128
7081
10258
10022
10709
4841
9167
10073
1832
10185
5304
7414
9556
6904
8172
2820
4995
8087
1108
1737
31
7161
10408
7122
2074
2533
7245
10315
7667
8211
4824
7399
9193
7012
871
7362
5549
9438
9351
9525
2849
10314
9285
9664
10344
10680
2865
8239
9691
9768
10564
3000
10770
1710
8278
52
7630
10496
5895
7183
1459
1743
7650
7547
9234
5185
5859
9693
7302
8237
5515
10250
10652
1950
10415
10704
5133
5529
9122
7893
1204
10556
7461
8307
9590
7926
2860
2066
9640
4757
10163
5215
10460
10744
1914
1150
10313
7133
7406
7250
8108
5654
10223
4781
9694
5332
1849
5516
2087
7719
7907
5142
7773
1742
1152
8198
5504
10299
7768
1741
9971
6900
671
8002
10189
2466
6967
5755
8132
1154
7087
5517
7964
10131
3859
7699
9237
10406
8038
10532
81
8005
7030
9924
9985
9692
9690
2420
1190
9300
92
8298
2836
9577
9364
8321
187
7537
2043
683
4985
10698
9268
9402
5790
9626
4746
9095
7750
7897
9187
7635
1005
2453
5830
5476
4703
8014
5063
2377
10270
9109
10088
4794
10668
2341
6911
5799
4943
10375
7191
1153
9360
5067
7938
8122
7298
1151
7809
10198
10571
7061
8048
8053
993
5723
7207
9215
8184
6853
8146
9643
5449
8094
649
9173
7436
9542
2009
10689
9283
428
10676
5836
7954
9326
575
10280
2030
4884
5843
10251
5084
8269
9623
10132
5104
5682
6855
1458
10518
7966
10197
9324
2989
7038
10630
10138
7646
9176
10002
10312
5576
8049
7947
458
4909
5505
796
6258
3548
8543
6101
1551
2161
9204
3646
8904
4174
8174
85
50
134
131
1785
135
380
153
276
167
1778
1634
8348
8967
4414
1548
3570
6076
6219
5571
9151
9843
8885
6759
3475
9386
8994
5055
5506
4007
4226
3967
3909
702
2494
4471
7430
4277
4108
4210
4423
4031
3628
6656
10104
8078
2600
10534
10737
6556
6176
9056
761
10860
9750
677
2417
814
4631
4057
9439
10329
57
4231
4632
1511
4384
3280
8466
36
6871
921
756
5593
8901
4131
2748
3747
1610
6018
3738
2229
3595
1321
4850
7915
5863
2776
7686
2388
5873
5199
9305
2561
4833
10319
7096
7828
10419
2789
6907
10673
5623
6941
8179
435
4700
7681
6921
8234
5285
9937
10611
7743
4572
7281
10622
10176
2510
2909
10213
2386
5425
7337
5725
9147
5012
4777
2567
9458
5221
7189
7963
1690
5045
10712
5899
10269
4859
6978
5956
10245
5665
5832
1986
10441
9210
9183
10515
9450
1979
7723
5583
5447
2092
4745
7137
5440
10488
2822
514
1029
5445
7463
4988
7581
7946
1994
2391
5952
6922
8262
7221
7766
7419
7405
3017
9986
7141
1919
9314
2091
8065
9155
7126
4618
5034
5191
5308
4893
1460
5938
10560
8291
9369
5602
4658
6936
10417
5248
7060
7184
9714
7792
9579
7670
10499
10554
10384
7494
7123
9919
7837
2357
9100
1181
5874
9619
5575
1249
9671
3401
892
572
8297
10421
10577
4913
9263
7951
1952
8338
9512
8207
10459
9222
4643
10723
9947
5542
1732
9274
9269
7873
5337
689
7083
10662
9743
9352
1008
1928
7294
5404
5758
10080
10201
2931
7592
10451
7565
690
4607
9259
2831
4966
1921
10173
8204
7451
5919
7008
9158
2293
5770
868
7162
2409
7772
9970
2397
5845
2412
5737
3890
8157
7818
5386
7570
4775
7431
10494
524
10249
7056
5962
8333
9162
2065
10337
10782
9739
10136
3015
4708
6913
5434
4710
1942
8155
10601
7252
7478
10414
10617
4812
8202
8180
10618
1703
5398
997
437
5588
7668
10660
1706
7180
2514
9428
7411
4684
9763
1944
1119
7386
9437
4661
5743
8152
9145
1478
8320
9762
7339
5616
10365
999
10227
7572
4967
10517
10726
4644
2474
2484
6932
4986
10623
4640
10605
5054
9200
10539
8244
10828
8088
7994
7025
10576
508
4942
858
10464
9391
5825
1772
1446
2402
1827
4948
5245
5351
2848
7959
5628
7928
5867
2496
1991
949
1930
7700
5
7158
5461
5007
1889
5485
237
4668
401
1881
5781
2104
9572
2310
8025
4906
5820
5460
8019
7131
6971
7167
4719
6996
2925
2454
7651
1061
2342
8125
4977
1731
5496
2075
7864
272
8576
8948
8388
5154
5751
2083
2399
9681
7401
4972
7988
4783
2850
5330
2538
5722
2353
6895
7117
2431
1769
979
43
7429
1863
4823
7918
5323
1019
2078
5008
2963
2897
1182
9431
1983
2833
2942
5463
4852
2979
5918
2465
5740
4797
5846
2035
5031
4753
8042
1136
2306
1197
6924
7058
4591
2972
1246
7852
5451
724
2376
1800
7450
8331
10546
1879
8312
9564
5641
7990
1768
9633
5095
5125
10231
1028
8091
314
7113
1809
7734
7231
10800
1414
8332
1169
10625
5448
9319
6977
9309
4914
4810
9359
9118
7593
1971
9605
9465
10087
1125
4910
8006
2765
2872
4726
1410
7381
10574
1880
1430
429
5338
8336
4911
10432
6975
5596
2324
5046
2321
8209
5556
5546
4918
8028
5558
5457
10386
5396
1141
7801
4973
4787
6887
7673
9534
5406
7774
5579
9455
1909
4892
2455
1924
5578
1244
5180
7659
2015
4894
7566
7487
9419
7608
7355
10232
6995
1201
7238
3849
2847
9990
7522
8182
5877
6962
1116
5255
2509
10739
8245
7618
4915
9243
7203
1143
10129
7569
7147
8251
7586
1878
7084
7557
7446
7172
9420
7600
7282
4916
5030
7278
10731
10469
8261
2059
10728
7046
10031
5470
5662
5655
9495
4917
1903
860
4761
4598
7179
7233
2048
9972
1949
6981
1043
5314
7068
10284
5214
4747
9684
5343
9699
4938
2044
5334
4487
6880
10060
10236
7241
10641
7353
10431
2393
5804
8295
7276
6948
5841
10027
10306
9281
7808
4849
5478
7145
10784
9514
8176
4766
5645
2777
425
5835
7596
923
571
5402
9169
9256
4969
10084
2784
2888
9656
9980
9988
3027
9412
2769
1845
7163
8057
5071
5408
3029
10397
10226
5042
9792
10425
5709
7039
10603
7643
4712
5058
9647
9759
6876
5534
6198
5967
5512
8106
3945
3741
2433
10346
8722
3143
3302
6365
4928
5168
3284
9504
8566
798
8910
5670
595
1340
6056
3255
2516
7505
2197
3166
1099
3862
261
265
4402
4249
7533
6479
4340
6790
9625
6774
1554
7747
3995
1951
10768
7627
3940
1383
3505
5947
5437
4023
4259
5131
2977
5565
2346
509
2578
5649
7742
2415
4968
7437
10771
1816
10703
6998
5961
898
4782
4628
3407
8981
4891
1891
10331
8104
5889
18
4556
10423
7391
7136
9909
3168
3729
2128
3732
2210
9887
360
9509
6476
8583
6577
1334
25
5247
6988
727
9188
622
5880
9127
297
7392
9142
2571
10030
1255
5750
255
7017
9614
2884
4730
9472
14
1943
4617
2379
2441
2362
757
5639
4605
103
5219
9278
3461
3706
3272
6398
8865
6625
8538
6834
3895
4037
5971
9927
4171
1395
6566
6521
6631
8478
7984
1561
2500
9335
9199
8342
3506
565
10506
8730
10877
617
872
7307
7501
4660
2057
4819
2530
8213
9241
5787
3712
8749
10664
3171
8940
1817
5773
8737
523
8812
10056
2983
3489
6241
876
7316
7678
10610
7632
7544
7908
4965
7031
2568
501
3700
6803
2899
530
9029
3155
4476
1330
8866
4135
4125
4434
5096
9511
1506
1035
529
4552
3290
6323
3273
8918
507
10000
5090
8339
4626
8739
6551
2728
3933
69
7193
8421
8550
8725
9085
10572
223
3139
8875
3392
3370
1862
8058
6070
4303
9014
5226
812
3767
886
10773
6729
3626
9232
1536
3197
1700
6006
10297
3937
235
8835
4407
7606
6827
6460
8878
3346
6597
8327
4246
585
4342
3522
3752
7205
2207
9755
8200
5347
8646
3860
1614
2282
1736
5057
10633
528
291
576
293
564
559
580
6905
714
1840
8429
1067
3230
7371
8534
3119
8826
6027
3605
2343
7396
6690
484
407
289
581
486
6503
4122
2445
8690
8521
10829
9913
3172
7459
5379
466
6272
9073
10841
4615
1085
1223
1192
5324
3528
6161
6453
4316
7488
5258
6702
76
270
867
319
10
112
51
26
8400
8633
6318
1017
3047
3138
786
8969
3388
8720
8687
3613
9020
8606
9038
2022
8663
10435
3073
8008
3070
8830
10021
2
6413
9851
9844
8
9045
7380
9058
7682
578
6426
381
10327
4887
8954
9080
5631
5970
8178
3204
5994
3792
6236
6230
6712
6036
6699
3133
6791
6186
9040
8602
6343
8462
3510
8886
413
8656
3285
6363
6504
6446
10286
2526
10067
10685
8260
9791
9766
10684
10308
5866
7435
7361
1797
6940
551
8119
7551
4606
4898
3203
1581
3698
6617
3176
1584
3692
3067
6048
10150
10456
785
6106
8685
102
8998
9023
3308
6358
1540
4558
4190
1004
4315
4554
9879
3910
9912
4403
9854
4307
2670
4492
4229
9840
9881
1262
4293
9837
9828
3878
9806
4311
4539
9429
9799
3451
3220
1936
6611
4329
3424
9822
9856
4482
4258
4460
4447
665
9832
9905
4257
4469
5061
2135
8807
5229
10411
1494
6405
4372
4048
4043
3951
3673
4304
2160
6338
9809
4321
8233
4530
10891
10869
8838
545
9897
8750
6366
10696
8404
7676
3058
2625
7898
7548
6206
9875
3585
3763
8999
7447
8345
2178
8443
6752
9006
9611
6211
1236
7130
37
6021
9771
3494
2142
789
3549
843
2623
8376
1680
1901
4412
9062
9529
8254
3999
1037
9031
7706
4515
3377
8671
8872
9047
6529
8983
4452
8634
8698
3333
996
8758
8422
6828
6704
3128
8426
6111
7005
3703
8707
6131
3749
3563
3375
6177
6515
2961
3286
3687
3535
8706
8908
3808
3657
1590
6673
3734
3318
6253
6278
6382
808
1509
216
562
2265
6563
3241
3797
3084
3757
3611
3291
8546
3387
6127
6676
6075
6782
3107
2243
1550
8897
6333
3061
1618
8870
8363
5022
803
10208
3722
2239
5997
3483
3090
3561
3452
3594
6549
8630
531
6133
8483
9022
8702
8824
8561
8605
6685
8365
3589
706
1639
6279
6481
651
4666
1828
7475
3326
8471
3413
4689
1856
6485
2213
3360
8831
3471
6051
2260
3359
3379
807
3292
3336
3654
1568
1557
3085
2171
616
6669
6085
8622
3354
3423
832
3711
5838
3932
2612
6200
8850
8636
6773
8474
8611
8693
8894
8614
6766
2147
3668
6300
1577
3579
1432
3438
6622
2632
2594
4483
2634
4485
4223
2711
2725
4014
3645
3135
9888
8777
3731
3547
8925
8771
1266
4359
1342
9861
6296
7215
10263
6149
8364
8662
9067
10479
7709
7490
800
3123
280
5803
8744
9941
781
6630
3303
8136
3411
3229
328
321
356
333
350
342
1485
8874
794
1524
6839
3545
3095
6762
6652
1663
817
537
647
3087
8416
6594
6474
3310
10865
6013
8902
8673
3231
1367
3066
8294
8513
9593
3526
2743
10593
3942
7807
6569
2562
6402
2272
1474
6419
6613
4464
9432
8617
4181
4178
4855
9081
4056
8640
4344
4527
3866
2735
3912
3026
5767
2609
1670
6121
8553
6069
8665
2225
8511
8945
6747
8621
8818
6473
2137
6379
8626
3194
792
1597
2127
2211
2668
3033
10381
7322
5586
10449
2394
9311
7098
5933
2941
9939
10234
7092
9140
9137
9136
9221
5929
9135
5592
10614
2535
7373
8181
2576
9139
2423
10508
6919
7612
7580
1858
9134
6927
9991
7636
8026
161
10011
4741
7826
7365
10097
9257
7977
10839
7653
10287
5266
2887
2045
7243
7229
203
9194
2023
9255
10616
9260
5158
1425
1696
10842
8076
2950
9018
3270
10503
1633
1055
147
1684
6010
3421
2569
2835
4582
10735
561
313
8679
6140
1199
8472
2195
8849
8795
2914
8979
6116
1462
6797
8694
1896
10212
852
6221
2574
6575
9910
7506
2694
9630
3666
8354
9797
1496
9979
5360
3177
3144
2152
3069
9392
10083
1980
2021
8742
6162
2907
712
2164
6262
6299
8399
6163
8401
6655
3540
3435
8949
6417
6199
3045
3572
8488
9028
2278
8635
6567
8417
6090
8721
2150
6610
245
3418
243
3125
246
241
256
430
180
86
244
2168
516
202
242
6330
6727
6764
10899
7704
4093
9264
6841
1636
8729
2716
10471
9966
6209
10682
10437
1544
6385
7295
6646
1239
6749
4602
3675
9742
9191
3965
3562
6471
8496
4934
5966
5155
6082
8391
6087
6835
6348
1578
8570
6756
7310
3340
644
9064
3057
10516
7089
7026
1564
6882
9252
10429
4920
8995
8527
3160
6235
9764
8392
9071
1447
3795
1948
6838
9863
5083
6859
4489
4331
5712
2660
1254
1369
8939
4355
3442
1379
3006
9661
3118
3517
1669
3880
5439
6678
8560
4243
10862
6750
7620
8815
4370
3237
851
8311
3564
2215
3414
6242
10786
5458
3856
9452
6
3054
6282
3238
6800
6554
503
6251
10880
6390
8360
9679
6304
8481
8947
3683
8447
6508
6555
6713
2746
8500
1607
4379
9649
8718
6145
3416
1075
10502
7526
10840
8883
9802
1477
2803
9715
4165
177
9246
845
3276
856
10783
6510
3537
5876
1834
5872
9459
5614
4990
5613
7771
10125
2580
5213
7839
9251
4805
5648
9454
5486
2770
7785
7976
5535
6980
641
3400
2114
9053
9092
3956
2707
2674
881
2662
2709
9820
2673
3883
4494
2642
4545
4018
4169
4176
9876
3892
4074
9906
2755
4546
2696
9883
3496
6173
6060
9069
8822
8898
8944
3192
3179
6725
8699
6270
8956
8530
8559
2234
448
6440
468
8397
8731
8480
6498
6587
6071
478
54
10793
10595
7456
4822
4735
2845
10115
10465
2778
9668
2940
4642
7975
10268
4569
5538
4592
7679
1806
9244
5976
10038
8340
10061
4785
10310
10148
10491
7980
9981
60
2390
1251
2527
10755
10521
5159
9273
5432
7460
5301
7211
1885
7469
6950
9346
9547
6955
9261
5494
2804
7073
5742
9170
5282
9537
7941
5632
7077
9670
7890
7590
9358
7263
2511
5942
5840
10573
9701
7420
1775
10261
5383
5231
4627
3003
10526
10339
5352
10200
9940
9329
7736
10235
5134
3002
10472
10276
2529
5777
5771
104
5459
2877
2070
1146
1833
4866
10439
5951
7998
9303
9425
1040
2457
2948
1686
4802
6952
5183
5541
7599
10738
5561
4980
2667
5405
3660
1841
1211
7858
2312
8936
3825
8446
6326
8704
536
6635
8917
6527
3207
3574
2140
6115
3780
1668
3515
269
9858
6772
9004
6255
3074
6604
3297
1543
6542
6705
6123
2181
3597
8520
6284
3500
8506
3324
6250
3533
6467
3405
6777
6188
6779
3824
8747
8526
6078
8751
6633
6053
8380
6370
6093
8409
6433
6285
7350
7349
3477
7816
8372
8627
6708
8881
4865
6143
10708
2759
1957
8649
4248
4240
9880
573
3530
1608
9208
9575
7225
10462
5340
9576
5279
7072
8073
8287
2768
9987
7034
9775
9213
6970
10742
7902
9769
7793
2462
7795
8620
3049
6492
6513
8847
3774
3598
3819
8968
6005
4694
3553
3274
3484
2217
9839
379
701
9150
9915
3037
3427
8993
3821
1280
4312
3623
376
1195
374
4491
668
5375
4836
7421
6877
4947
7553
10527
9427
421
9404
7833
10896
6362
9083
4478
9011
8608
3659
6058
8964
6420
3688
3315
6098
2288
1619
8926
6632
3631
3661
7393
7666
9505
8451
4128
1904
6568
2449
7776
5381
8346
726
2764
7948
7066
9541
10579
3322
632
4009
1381
2206
424
7010
2411
2698
5271
9289
5974
5331
9422
5940
4931
4715
5620
5788
7090
7277
3007
2762
5982
5808
5220
5574
4926
4695
5977
7192
4194
1567
1946
5202
5380
10445
5694
2432
2016
9395
9624
2099
7156
7403
5026
10522
1757
5174
9944
9519
2018
10656
6915
5533
5752
2916
10677
6956
7973
10259
8056
2471
7921
9658
7869
2410
1160
5748
4789
5746
9460
2095
10778
6982
1189
5400
2381
5986
4567
9628
2371
5975
10317
4687
5567
2564
5489
4650
1087
2382
8273
8072
7011
1156
4625
5595
10442
10162
5318
9969
5417
2056
9622
9725
8259
2308
10446
8210
10174
9149
10279
5190
9580
10777
7157
9325
2967
9320
5357
2532
2319
5233
1956
2506
5733
5014
4799
2965
2889
5186
5802
5356
5250
5165
5003
7503
5086
6860
5923
5416
1826
7794
4395
1074
2788
4872
9868
4396
7647
9350
4702
9804
7400
133
959
1109
2517
10225
875
10746
1073
5101
2460
10707
8021
10137
4588
5734
6958
6934
5941
10434
10470
2949
5553
7397
9214
7541
4714
7448
7194
7628
2088
5698
9467
2349
2331
8149
2859
5292
9787
7658
9205
4718
7458
7354
7520
8189
10507
10196
2862
9719
6963
5327
5328
108
3161
1357
1876
10029
5195
5560
5272
7234
1468
934
7538
4736
9384
2081
5156
1697
6868
5678
9698
7394
1844
9483
945
4929
4722
5774
725
63
99
403
38
91
2037
5403
4869
3
4343
1097
4846
5626
5262
186
2680
80
2720
1867
138
23
1063
2976
2406
5041
4667
5926
5935
5366
5934
8086
9299
10203
5745
10727
9794
10089
6846
10066
10702
10373
10884
8068
9168
10710
9435
8219
7032
1798
7622
10324
9217
7395
10122
5619
10575
6873
10247
10214
10123
1103
7573
10802
7515
7623
7181
8024
7138
10055
8004
10255
10367
7611
7018
7962
10224
10872
7582
10158
5124
9113
7287
9992
5230
4583
7927
7009
8256
7477
8099
7496
10781
10063
10230
4734
5851
2279
3185
6647
9561
2422
4771
1699
8035
9443
10139
4310
7127
9230
4886
4683
1380
2537
1372
4323
4466
4333
4126
10082
1997
2359
10624
2401
10220
198
5108
2227
9845
4858
7615
6968
2911
6999
5806
9585
8044
4871
10062
10188
2782
7185
6972
1847
7885
8242
6997
5149
9453
6465
3601
765
2486
5303
2489
4853
5036
8173
2487
1420
5834
10295
9236
9306
2488
2892
723
5091
10837
10832
1838
47
2970
1041
3034
4704
10631
982
2553
3032
5573
5621
6870
4179
2900
5896
7444
7216
1870
9589
2878
7336
7511
7712
6502
8873
3586
9685
7834
1810
10274
4510
6057
6245
8564
4760
4493
2049
3913
3966
3457
462
6449
6201
6193
2250
3094
642
2255
1672
3805
6175
3361
3063
2257
2154
3099
6505
3116
2216
8966
10661
4876
7369
8170
2599
3946
4205
1626
4770
9202
10244
9035
8489
3364
367
1051
9874
9812
8952
7780
6334
70
32
1415
234
506
526
3840
3479
2648
3312
6650
9568
5189
2106
8548
3617
6964
6427
410
8700
145
1530
6329
8467
8909
1356
4183
4191
2758
1403
2677
2676
4265
6415
6192
4292
9816
3301
772
9343
5111
9315
7343
4381
4087
1324
3923
1325
866
1976
30
35
652
12
443
768
885
41
127
126
969
137
882
7879
884
4829
4077
6181
8410
6146
6349
1579
10853
8549
1473
6117
8871
21
9846
3269
4751
2896
6170
828
850
776
4015
5514
8860
3114
7363
6886
8647
3251
1777
9689
456
22
7268
6714
8569
10686
4000
5527
7985
6665
9907
6718
522
10893
3089
9037
87
4184
8809
6837
8514
4479
4173
6316
1164
681
3974
5475
10161
6947
10672
8033
9298
9375
7425
2077
5426
7470
5137
4706
2522
2198
10099
8554
3252
6004
6182
8491
2165
3567
9010
8776
8977
8598
2273
6832
6687
3765
3686
3644
3100
3518
8884
10888
8438
431
10172
5240
7292
10588
9227
2839
3227
6833
8504
623
607
1311
596
602
608
588
732
1371
7217
2295
2930
1975
1676
2617
5370
4835
5697
5280
4630
6865
4868
5659
5252
10135
5693
7251
9399
10077
10525
5166
6856
7705
7855
7064
7020
5539
4939
2790
5040
7577
5856
8292
9442
9308
9102
615
4808
9475
5256
10164
10237
8165
9773
9595
7079
7326
7014
8142
10430
7500
9785
9398
5764
2334
4560
8118
5858
8279
10094
1945
7472
2611
4079
1309
4847
3905
3964
5243
1157
9825
1658
6324
1225
2669
3246
770
6275
7758
2439
4754
4488
5264
8738
8444
2650
7688
8575
2145
46
946
4327
4337
8032
4006
1846
4543
9426
9177
3697
4330
7840
2335
8440
8552
6062
3019
4054
3485
6590
3600
1393
518
4036
6344
1267
119
4811
1764
3983
9607
10355
1456
5227
5813
2575
1205
10009
2875
10820
7367
1347
2601
1534
3755
2109
7471
2653
1265
8081
5739
4621
6189
10053
4594
455
9707
2920
4743
4818
7713
156
3554
2159
7050
8958
136
2268
3398
6484
1662
3298
4551
8772
6561
3607
6487
1525
1382
3844
2336
1283
5992
1835
1677
2098
3750
2101
2132
2241
3992
1603
3408
1016
7036
1929
5222
7996
5689
10552
1892
2491
5875
7761
382
9695
5518
9574
8525
5283
5797
629
416
7914
7638
2296
5754
10068
9279
10051
10243
10478
9336
9631
9774
8126
7721
7753
10024
8147
7626
5807
9388
193
1695
5194
7155
7802
10190
5882
9362
7970
7634
8052
7751
5930
5925
8051
9368
2440
2944
9184
8003
7075
5948
5932
5931
2808
8140
4748
446
666
4657
1102
4946
2928
5121
7108
4839
2435
2986
10475
6989
2987
7105
5123
7102
7104
2436
7101
2929
7707
5325
2779
5120
2985
7100
7106
1939
2984
2347
7109
7112
10649
5122
7107
2332
1177
10374
10399
9686
5208
7303
5092
4844
5782
8250
8134
423
2828
2304
5685
908
4562
4688
5921
9163
7272
7035
10548
5604
2771
7041
5141
1823
2483
7738
5395
2032
10166
1159
1888
7299
2323
2932
6892
1848
1032
1799
1836
5692
5253
7173
1937
1337
1175
10881
1469
1989
6902
1926
1740
165
672
7289
1927
6793
3055
6844
6247
3788
3888
3096
2238
1086
183
5113
574
8613
5507
5513
7486
2365
1712
5646
4604
4634
8079
5135
1746
5495
10736
9503
6914
8070
5892
2504
1071
10048
9152
897
2405
9930
7002
7616
7417
5625
8529
2307
2493
1762
9533
10754
7169
10256
8138
8169
9108
10218
10372
9479
9584
2340
2906
5329
1252
5422
2695
7016
10333
5944
7813
7071
9212
5849
5254
6881
1905
10042
9760
5236
10741
10071
7866
8020
9644
2968
7981
5150
2498
7452
480
7641
7675
5393
6986
4838
8036
9408
5701
4821
10175
1083
1974
5385
5373
8166
9946
7786
10483
9501
7810
1232
5267
5756
7093
7273
7164
7545
5727
4645
5289
10335
1899
2775
7082
5953
10019
1233
8236
10357
9143
7502
5878
5630
9349
6933
1198
558
9587
7851
5569
2774
7905
9464
9276
1759
9735
1126
4008
5591
7063
8022
7331
497
9536
1253
2939
9710
9515
7410
8328
5611
7454
5355
2551
7708
1940
9406
7965
9161
2042
9288
10706
6160
10850
1720
1038
1738
9120
10678
5407
5544
1819
1977
224
7449
10398
2492
1967
626
8183
1117
10519
10780
8113
9720
398
5006
10838
6851
10776
7644
5028
5062
191
225
753
3025
10085
7409
5901
3021
8139
962
7871
9301
1045
7368
2885
9604
10513
6951
5184
10300
7513
7249
7791
10674
1139
10511
1476
8306
2955
8115
10758
4936
7549
9778
7473
5261
6899
9051
10283
7341
10835
5724
1925
2004
1855
8319
7504
7841
9361
1978
2893
10054
7493
5367
9606
1413
6923
6920
10688
7441
9573
7048
10187
10202
5766
5299
9532
4804
3036
6854
5049
7407
10797
9332
7660
2451
2994
2096
9345
2791
10320
5490
9229
9928
5074
758
9558
7995
10812
9128
2563
10505
3889
8217
5768
9677
9287
7510
10221
1442
8285
739
4332
9190
2352
5603
10160
1433
7057
10092
10764
5273
7037
525
9407
10766
4701
2993
2549
10632
10090
5368
10393
2058
8167
10658
2556
7433
5281
7065
10808
2858
4663
8112
3512
1429
552
4957
10566
5715
1963
2468
679
10215
1992
7269
10222
9551
10844
5610
5599
2090
9757
1020
9653
4611
10619
9998
10205
1982
7846
2363
947
10600
5509
2787
7619
2954
2800
8120
9476
1023
7560
5635
10804
1475
9736
10734
9456
9748
1988
2421
2996
10645
7575
4837
2467
8284
9582
2502
4982
5499
905
7306
4610
7356
9245
9441
10690
10452
631
2089
10717
10540
5020
553
9978
10376
8154
10720
4459
7597
4587
5290
1162
7455
6852
5784
7378
9107
2443
4807
9117
1191
10597
5087
2034
384
5687
5119
9148
4705
8205
10638
9339
9112
10336
10477
3460
2356
7317
8145
9357
9882
1918
4409
8096
8077
1758
7519
10217
5585
1188
9198
2581
9738
9390
4752
8150
9417
4678
1910
10480
7074
9922
7725
7564
5288
3001
9207
1422
5269
4740
227
1292
5577
10113
10328
3482
8111
1377
4597
5019
1183
7781
5608
5814
10103
5474
4677
5284
5043
3031
10272
10663
7906
10448
10407
10081
4830
2557
8324
8335
7764
5720
7013
7613
10455
9466
2786
10486
2846
7817
226
2853
8212
10193
7769
5118
939
4728
1176
10265
1783
459
6165
3282
8650
10453
9609
7219
5981
10124
7232
6991
394
2802
1987
3313
8191
9641
2477
10070
229
5864
7662
728
5493
6974
9795
9841
1802
5958
5205
9498
9394
5818
3573
1972
3193
3165
643
2176
2170
9783
3156
2913
2905
8502
1092
1093
1404
2685
965
1405
2228
1860
3109
1622
10854
2874
4124
4076
2750
4177
4449
4252
3959
1360
4328
1277
1219
3842
9890
1269
1352
2595
3863
9373
7955
9290
10354
4563
1326
1301
729
7125
9363
2796
1216
7187
7920
8752
6641
8592
9340
8394
5078
7583
9869
583
10608
2570
8586
10801
7702
3174
3389
8584
6906
9286
2202
10467
10382
5210
2926
4691
2366
9870
877
8585
1173
1726
10799
10277
1906
5609
10363
1208
1426
9034
7629
7015
3961
8330
547
8431
10369
10681
9591
231
6526
3386
5295
7267
5612
8039
5661
9781
2130
6351
6397
3717
2113
2162
3064
3514
6412
8619
3507
3295
3307
8497
6350
3773
3232
8689
8664
3169
6050
6741
1508
3080
6596
3730
6290
3566
3425
3376
3502
9077
2139
388
692
687
3444
6054
6035
6024
3733
3503
8732
1666
6829
8868
2179
3042
3812
6126
6164
9084
6605
1527
7480
9977
721
1920
3059
743
2062
1313
601
5702
1897
5353
5298
2303
1985
2917
3149
4721
2194
2242
533
2163
3196
3210
3319
3627
7883
1654
6819
1665
1615
454
3487
6271
3807
8774
6254
6758
253
1528
6463
1647
3088
805
841
3702
1656
6703
1653
6831
6266
3809
1698
3622
3695
449
1526
6077
3385
1583
6231
3670
2426
662
710
1503
1549
1574
655
2138
6559
1804
1539
733
6530
8473
6277
3624
3768
3352
645
1512
3051
3266
1609
3262
3039
6001
8370
3256
2177
1606
771
3228
3217
849
3488
3575
1675
3541
3455
3314
3341
2199
1659
1611
613
1492
3430
1467
818
3075
2587
3593
684
6399
3565
1523
816
3060
1547
3337
3744
3258
2156
1520
715
2957
3694
3648
3129
1641
1635
3534
251
6701
6509
2232
1553
3762
6472
6074
837
3142
181
152
3453
3384
3516
2283
6016
3635
3449
160
6202
3536
4465
190
1358
2737
600
853
3786
9007
6332
8842
7760
8393
10789
8012
3919
5500
8971
6159
8987
8953
6746
4302
1794
6466
406
212
577
408
485
405
211
294
566
487
292
567
568
2703
3777
4826
7237
2554
5364
28
3342
6582
6425
10273
10803
9723
4731
9049
6574
2221
3789
2624
4400
4080
9873
4506
6383
3131
8827
6347
3046
6536
8355
8857
8919
6303
8540
8499
56
6239
451
6169
6103
6037
8728
8419
6047
6812
3802
8425
2396
4393
748
3934
1306
8957
3508
8760
10827
8691
6137
9823
3903
1193
3973
1268
1317
980
4484
8882
8916
8717
3299
703
9697
9703
6039
2448
4367
3576
3440
10847
5093
4758
6600
7967
8197
3604
557
5624
5027
5344
5244
5345
4806
9963
5032
2956
5316
4889
4882
9374
5013
5287
274
4612
10195
2001
5114
7116
2841
445
4692
4737
450
2550
1127
971
4749
9672
2266
2133
10885
9507
10012
657
402
10719
8819
2785
4585
5297
1149
4953
5152
1935
10005
10116
5519
8215
8214
9322
7746
9510
7352
5502
7334
2375
9942
1774
8856
6668
3756
6297
3766
6214
8407
3222
3736
9025
3806
8628
5988
8970
3796
3523
6514
2269
3590
813
663
589
611
605
1341
2745
6612
2627
4081
2736
2958
3929
2280
6489
1594
1612
6403
3236
1498
247
457
1645
8661
774
3378
1616
3106
215
288
239
3811
283
3390
3068
277
447
2060
84
2870
1973
418
517
4713
2006
1133
2424
1895
1438
620
880
1227
1316
3896
1803
24
2146
1123
2894
2864
1095
691
661
128
2344
1722
587
1091
831
1538
1627
3122
