1 2
567 221
3 6
5 10
2 4
7 14
3 6
3 6
2 4
4 8
3 4
4 8
2 4
3 6
3 6
5 10
5 10
6 12
2 4
4 8
3 6
2 4
3 6
10 20
9 10
3 6
3 6
10 20
2 4
3 6
2 4
4 8
2 4
5 10
2 4
3 6
2 4
2 4
8 16
6 12
2 4
2 4
5 10
7 12
5 10
2 4
4 8
3 6
2 4
10 20
2 4
3 6
3 6
4 8
4 8
3 4
3 6
2 4
2 4
2 4
20 38
3 6
12 20
4 8
9 13
3 6
2 3
3 6
4 8
4 8
2 4
3 6
18 34
3 4
4 6
48 96
2 4
10 20
4 4
3 6
6 12
3 6
2 3
5 10
197 166
2 4
3 6
2 4
3 5
3 6
5 10
9 18
2 4
15 28
4 8
4 8
2 4
2 4
589 205
4 8
2 4
2 4
31 56
4 8
15 30
2 4
2 4
2 4
18 31
3 6
2 4
2 4
2 4
2 4
2 4
2 4
2 4
2 4
4 8
6 12
2 4
12 24
5 10
2 4
95 124
7 14
2 4
2 4
130 157
3 6
39 55
2 4
2 4
3 6
6 12
2 4
6 12
3 6
11 20
2 4
3 6
2 4
2 4
2 4
2 4
2 4
2 4
3 6
2 4
2 4
2 4
23 40
63 104
3 6
3 6
2 4
13 26
9 18
4 7
3 6
37 70
2 4
2 4
21 35
2 4
57 81
2 4
2 4
21 35
4 8
2 4
3 6
2 4
3 6
2 4
3 6
2 4
2 4
16 25
3 6
3 6
31 54
2 4
18 32
4 8
18 30
4 8
2 4
2344 134
355 183
121 112
2 4
6 11
3 6
7 10
66 99
6 12
90 69
32 30
5 10
2 4
7 14
3 6
2 4
2 4
2 4
2 4
11 22
2 4
2 4
2 4
2 4
2 4
3 6
2 4
37 56
20 40
17 34
2 4
2 4
4 8
2 4
4 8
3 6
3 6
3 6
4 8
22 42
2 4
5 10
2 4
3 6
2 4
4 8
2 4
3 6
2 4
20 38
9 18
48 71
5 10
2 4
2 4
2 4
2 4
2 4
2 4
71 108
5 10
3 6
2 4
43 65
2 4
61 95
68 89
3 6
3 6
3 6
3 6
6 11
5 10
2 4
116 131
4 8
3 5
2 4
3 6
6 12
1265 195
19 34
2 4
2 4
3 5
3 5
3 6
26 49
2 4
67 102
116 83
182 172
12 22
2 4
12 20
47 74
3 6
5 9
2 4
3 6
119 167
2 4
3 6
2 4
2 4
2 4
2 4
7 14
2 4
3 6
2 4
3 6
4 8
3 6
5 10
3 6
5 10
5 10
3 6
2 4
3 6
3 6
3 6
3 6
6 12
4 8
3 6
5 10
3 6
2 4
2 4
2 4
2 4
3 6
2 4
2 4
2 4
2 4
2 4
2 4
3 6
2 4
2 4
2 4
2 4
3 6
2 4
2 4
2 4
2 4
2 4
2 4
2 4
2 4
3 6
2 4
2 4
2 4
2 4
2 4
2 4
2 4
3 6
2 4
2 4
2 4
2 4
2 4
3 6
2 4
2 4
2 4
3 6
2 4
2 4
2 4
2 4
2 4
2 4
3 6
3 6
2 4
3 6
4 8
2 4
2 4
2 4
2 4
2 4
2 4
31 57
4 8
2 4
2 4
5 10
3 6
3 6
2 4
3 6
30 49
4 7
25 44
3 6
2 4
5 10
2 4
21 41
3 6
2 4
21 37
2 4
2 4
2 4
5 10
2 4
5 10
2 4
3 6
2 4
2 4
2 4
3 6
2 4
2 4
4 8
3 6
104 132
12 24
7 14
2 4
25 28
2 4
2 4
3 6
162 170
5 10
11 22
6 12
4 8
3 6
2 4
6 12
3 6
3 6
5 10
25 44
49 72
2 4
2 4
2 4
3 6
2 4
3 6
16 26
2 4
3 6
3 6
3 6
3 6
32 49
14 27
45 82
4 8
2 4
21 38
2 4
47 87
6 12
3 6
87 126
5 10
3 6
3 6
2 4
11 22
2 4
7 14
21 40
5 10
11 22
7 13
3 6
17 30
22 40
39 62
7 14
8 16
2 4
2 3
2 4
43 39
2 4
11 19
3 5
27 42
3 6
2 4
2 4
2 4
3 6
2 4
2 4
13 24
3 6
2 4
4 8
4 7
2 4
3 6
4 8
2 4
2 4
2 4
2 4
3 6
2 4
2 4
2 4
7 14
2 4
3 6
3 6
2 4
4 8
8 16
2 3
5 8
2 3
2 4
37 49
7 14
2 4
2 4
3 5
2 4
2 4
2 4
2 4
3 6
2 4
2 4
3 6
8 16
8 16
2 4
96 117
33 57
32 60
35 64
12 20
3 6
2 4
2 4
12 24
2 4
2 4
4 8
2 4
5 10
2 4
6 12
3 6
2 4
3 6
3 6
2 4
3 5
2 4
3 6
2 4
3 6
3 6
3 6
2 4
46 70
2 4
3 6
2 4
2 4
2 4
2 4
2 4
2 4
5 10
15 30
14 24
8 16
2 4
2 4
3 6
2 4
2 4
2 4
2 4
35 68
3 6
2 4
6 12
3 6
119 127
5 10
20 40
3 6
3 6
5 10
7 14
5 8
3 6
5 8
11 20
4 8
3 6
60 100
19 37
4 8
88 138
12 20
7 14
2 4
25 44
3 6
6 12
2 4
6 12
12 22
46 60
2 4
3 6
3 6
3 6
328 201
3 6
65 73
2 4
5 10
7 14
4 6
4 7
3 6
9 18
3 6
6 12
3 6
3 6
49 82
7 14
3 6
9 18
3 6
5 10
2 4
7 14
60 103
2 4
6 12
4 8
2 4
37 62
2 4
6 12
2 4
2 4
2 4
4 8
3 6
2 4
4 8
43 60
3 6
2 4
5 10
2 4
68 92
72 85
134 190
13 26
4 8
2 4
6 12
2 4
3 6
7 14
2 3
2 4
13 22
2 4
2 4
3 6
3 6
2 4
3 6
3 6
7 14
51 66
4 8
13 26
132 123
24 44
22 42
20 37
3 6
3 6
3 6
142 165
4 7
3 6
2 4
3 6
2 4
2 4
3 6
3 6
3 6
3 6
2 4
2 4
4 8
13 26
7 14
4 8
49 38
2 4
64 74
3 6
13 24
25 40
2 4
72 106
24 44
3 6
2 3
6 12
3 6
5 10
55 76
3 6
9 17
4 8
9 18
3 6
14 26
25 44
4 7
421 193
21 42
31 54
2 4
3 6
2 4
3 6
2 4
6 12
2 4
8 14
6 11
10 20
3 4
3 4
2 3
4 7
2 4
3 6
3 6
3 5
3 5
2 4
4 8
3 6
2 4
6 12
2 4
3 4
2 4
6 12
2 4
2 4
3 6
3 6
3 6
3 6
2 4
2 4
3 6
46 74
2 4
65 64
56 72
11 22
3 6
25 44
7 14
2 4
61 102
4 8
11 22
4 8
7 14
19 38
5 10
17 32
6 12
6 12
31 57
10 20
9 18
2 4
6 10
5 10
29 40
6 12
6 12
345 207
2 4
73 81
2 4
21 34
12 23
89 125
27 50
3 6
91 92
3 6
2 4
3 6
3 6
17 28
2 4
2 4
203 192
11 20
87 140
15 28
32 56
156 186
14 28
10 20
13 23
14 27
3 6
48 80
2 4
17 30
3 6
125 118
2 4
9 16
2 4
5 10
15 26
35 64
10 20
19 36
5 10
82 101
7 13
4 8
17 33
8 16
7 14
7 14
4 8
36 60
2 4
4 8
2 4
33 58
3 6
340 233
3 6
3 4
3 6
3 6
3 6
3 6
2 4
3 5
2 4
3 6
2 4
2 4
4 8
2 4
3 6
4 8
2 4
3 5
3 6
2 4
3 6
2 4
13 23
2 4
18 23
4 8
2 4
3 6
4 8
2 4
2 4
6 12
3 6
2 4
6 10
3 6
4 8
3 6
2 4
2 4
25 46
9 18
5 10
2 4
5 10
5 10
2 4
3 6
44 65
8 16
3 5
3 4
4 8
3 5
6 8
3 6
4 8
2 4
2 4
5 10
2 4
3 6
2 4
2 4
469 211
4 8
3 6
6 12
2 4
10 16
881 193
18 23
2 3
4 8
6 11
3 6
4 5
4 8
6 9
2 4
5 10
3 6
2 4
3 6
5 10
3 6
3 6
4 8
6 11
46 74
2 4
2 4
3 6
11 22
2 4
7 9
4 7
3 6
2 4
2 4
2 4
3 6
3 6
3 6
2 4
3 6
2 4
2 4
5 10
10 18
3 6
4 8
3 6
3 6
3 6
6 12
3 6
5 9
5 10
3 6
5 10
3 5
13 25
8 13
2 4
2 4
2 4
4 8
6 12
3 6
7 14
2 4
3 6
4 8
3 6
9 16
3 6
10 20
29 54
13 16
3 6
2 4
4 8
3 6
4 8
2 4
12 24
4 8
16 32
2 4
4 8
3 6
4 8
2 4
3 5
6 12
3 6
3 6
138 96
14 24
6 11
3 6
5 10
5 9
5 10
3 6
3 6
2 4
5 10
2 4
2 3
3 6
4 8
4 8
3 4
2 4
15 29
3 6
3 5
4 8
2 4
2 4
5 10
5 10
3 5
2 4
2 4
6 12
2 4
2 4
2 4
8 16
2 4
2 4
2 4
2 4
2 4
2 4
2 4
2 4
2 4
2 4
2 4
2 4
6 10
4 8
2 4
69 91
2 4
5 10
30 39
3 6
3 5
2 4
2 4
6 12
29 33
2 4
2 4
2 4
2 4
2 4
2 4
9 18
2 4
2 4
3 6
4 8
263 195
3 6
45 70
3 5
6 12
4 7
2 4
94 146
3 6
2 4
11 20
77 107
4 6
3 6
2 4
2 4
6 12
3 5
3 6
2 4
2 3
36 58
2 4
3 6
4 8
2 4
19 37
2 4
4 8
2 4
2 4
3 6
4 8
2 4
3 6
3 6
3 6
3 6
3 5
20 28
3 6
3 6
3 6
2 4
3 6
3 6
3 6
21 34
3 6
58 83
2 4
3 6
4 7
3 6
5 10
4 8
77 74
8 16
5 10
3 6
2 4
4 6
7 12
3 6
3 5
2 4
4 8
7 14
3 6
2 4
2 4
6 12
3 5
10 20
2 4
7 9
4 7
2 3
2 4
3 5
4 8
2 4
2 4
4 4
3 6
6 12
5 10
80 120
2 4
2 4
2 4
17 22
3 6
7 14
3 6
3 6
2 4
3 6
4 7
9 18
2 4
2 4
4 8
5 10
4 8
3 5
2 4
3 6
6 12
4 8
28 33
2 4
2 4
4 7
3 6
6 12
2 4
3 6
5 10
2 4
2 4
3 6
3 6
2 4
2 4
2 4
2 4
3 6
3 6
4 8
2 4
3 6
4 8
3 6
282 177
10 18
3 6
5 10
3 6
2 4
2 4
7 14
2 4
40 63
3 6
3 6
31 37
4 8
3 6
3 6
23 44
7 14
2 4
3 6
10 20
2 4
77 107
2 4
3 5
3 6
4 8
2 4
4 7
3 6
3 6
3 6
9 14
4 8
3 6
2 4
3 6
5 10
2 4
2 4
2 4
5 9
2 4
5 10
2 4
6 12
4 8
9 18
2 4
13 26
2 4
4 8
2 4
3 6
15 30
16 32
5 10
60 74
107 119
4 8
2 4
14 28
3 6
21 34
2 4
22 43
5 10
2 4
3 6
2 4
17 34
4 8
3 6
2 4
4 8
7 14
5 8
2 4
2 4
2 4
18 35
3 6
2 4
6 12
5 10
7 14
7 14
9 18
3 6
14 26
2 4
7 14
5 10
6 12
18 30
55 92
3 6
10 18
57 91
3 4
2 4
2 4
6 12
9 18
8 16
3 6
3 6
3 6
26 48
2 4
3 6
22 42
6 12
2 4
4 8
3 6
3 6
4 8
2 4
36 62
3 6
3 6
5 10
23 38
3 6
6 12
2 4
6 12
11 22
4 8
5 10
8 16
3 6
5 10
6 12
4 8
2 4
10 17
4 8
28 53
4 8
2 4
3 6
14 27
4 8
11 20
2 4
6 11
157 88
4 8
15 28
6 12
2 4
14 28
8 14
7 14
5 10
5 10
6 12
3 6
2 4
2 4
12 22
5 10
15 29
5 10
3 6
2 4
6 12
3 6
4 8
3 6
15 29
3 6
2 4
3 6
2 4
10 20
3 6
11 20
4 8
3 6
5 10
2 4
2 4
3 6
7 14
17 32
5 9
4 8
2 4
4 8
3 6
36 60
4 6
3 6
3 6
3 6
2 4
2 3
2 4
2 4
2 4
4 8
2 4
3 6
2 4
2 4
2 4
3 6
42 76
2 4
3 6
3 6
8 16
2 4
3 6
6 11
2 4
2 4
27 39
2 4
11 22
55 89
3 6
2 4
6 11
3 4
4 8
2 4
3 6
5 9
15 30
8 15
5 9
2 4
41 53
3 6
5 10
2 4
2 4
3 6
4 8
6 11
3 6
2 4
3 6
2 4
2 4
47 59
4 5
13 15
2 4
4 8
3 6
2 4
2 4
7 14
2 4
2 4
2 4
3 6
3 6
2 4
2 4
2 4
2 4
3 6
3 6
2 4
2 4
2 4
2 4
96 121
154 154
3 6
2 4
17 31
3 6
3 6
74 114
3 6
4 8
84 97
10 20
69 79
11 21
41 70
2 4
26 41
3 5
14 28
3 5
2 4
34 48
96 154
25 40
4 8
17 32
10 20
7 12
31 40
98 124
14 28
17 30
82 119
13 26
4 7
30 48
15 28
63 96
4 8
4 8
5 8
58 88
19 36
6 12
16 30
3 6
2 4
175 200
23 40
4 8
8 15
5 10
4 8
2 4
2 4
2 4
119 108
2 4
68 96
12 23
3 6
12 22
51 80
3 6
7 14
3 6
2 4
2 4
2 4
4 8
2 4
2 4
7 12
2 4
21 40
4 8
18 35
3 6
2 4
35 69
13 19
3 6
3 6
84 95
4 8
20 35
3 6
3 6
2 4
19 36
3 6
2 4
20 33
31 48
10 19
4 8
138 172
5 10
21 40
16 31
3 6
3 6
12 22
46 78
4 8
7 14
8 16
10 20
4 8
27 41
5 10
3 5
4 7
12 22
2 4
29 46
2 4
12 22
46 82
8 14
57 95
31 48
2 4
2 4
30 51
26 42
42 62
6 11
2 4
7 14
2 4
7 14
3 6
2 4
36 54
3 6
82 88
4 8
3 6
22 42
10 15
29 46
3 6
2 4
52 89
4 8
2 3
2 4
10 18
3 5
78 111
6 10
3 6
92 123
70 108
3 6
86 126
5 10
2 4
3 6
21 34
11 21
98 98
32 56
14 28
119 127
3 6
8 13
96 106
30 48
8 16
53 46
9 16
7 11
26 42
7 13
3 6
9 18
2 4
4 8
3 6
4 8
14 24
2 4
45 68
7 10
6 11
3 6
3 6
3 6
8 12
2 4
3 6
3 6
118 149
8 15
3 5
2 4
2 4
4 8
3 6
7 9
6 12
2 4
5 10
4 8
5 9
74 100
4 6
5 10
44 82
9 18
3 6
40 70
10 20
2 4
5 10
6 12
6 12
2 4
19 37
3 6
3 6
4 8
2 4
4 8
5 10
2 4
3 6
8 16
3 5
140 117
3 6
4 6
2 4
2 4
24 40
3 6
4 8
4 8
26 49
3 6
3 6
2 4
4 8
2 4
4 8
4 8
4 8
35 62
2 4
2 4
3 6
3 5
19 34
4 8
3 6
2 4
2 3
3 6
2 4
3 6
3 6
2 4
2 4
2 4
3 5
2 4
3 6
2 4
3 6
10 20
3 6
3 6
2 4
3 6
2 4
9 18
11 15
2 4
3 5
4 8
2 4
3 6
3 6
2 4
3 6
2 4
2 4
4 8
3 6
3 6
3 6
2 4
2 4
2 4
2 4
2 4
2 4
6 12
2 4
3 6
3 6
2 4
2 4
6 12
3 6
3 6
5 9
7 14
3 6
4 8
20 32
34 54
2 4
3 4
2 4
2 4
3 6
3 6
6 11
3 6
35 47
6 9
18 31
4 8
3 6
3 6
3 6
6 12
3 6
3 6
14 28
2 4
2 4
3 6
3 6
4 8
21 25
3 6
2 3
7 14
9 15
2 4
8 15
20 39
2 4
2 4
2 4
2 4
4 8
8 16
3 4
14 28
2 4
3 6
2 4
10 17
3 6
3 6
2 4
2 4
95 117
2 4
2 4
3 6
11 22
2 4
4 8
2 4
2 4
2 4
6 11
10 20
15 30
3 6
10 18
8 12
4 8
2 4
3 6
2 4
2 4
2 4
4 6
7 11
5 10
11 22
5 10
8 16
12 24
6 8
3 6
4 8
3 6
2 4
3 6
8 11
7 12
3 6
2 4
3 6
2 4
2 4
50 75
2 4
11 18
3 6
3 6
2 4
2 4
2 4
4 8
5 9
2 4
2 4
6 10
4 6
3 6
3 6
2 4
3 6
3 5
2 4
5 9
3 5
2 3
2 4
3 6
6 12
3 6
3 6
3 6
3 6
4 8
18 28
19 32
3 6
4 8
5 10
3 6
6 11
3 6
5 10
3 6
3 6
283 165
3 6
11 22
3 6
3 6
3 6
4 8
2 4
3 6
4 7
3 6
2 4
3 6
3 6
2 4
5 10
4 8
8 16
10 20
4 7
2 4
3 6
4 8
3 6
4 8
5 10
5 10
3 6
7 14
3 6
4 8
3 4
3 6
128 150
4 8
3 6
27 38
3 6
6 10
2 4
3 6
2 4
3 6
4 8
3 6
3 6
6 11
2 4
77 108
4 8
13 26
2 4
10 11
5 10
6 12
3 6
2 3
4 8
4 7
3 6
5 10
2 4
257 164
8 11
3 6
5 10
520 177
2 4
3 6
49 75
7 13
7 11
2 4
12 24
3 6
3 6
3 6
2 4
3 6
3 5
4 8
4 7
4 8
4 8
3 6
2 4
3 6
2 4
4 8
4 7
3 6
3 6
2 4
2 4
48 65
6 7
18 32
3 6
4 7
3 6
25 50
2 4
28 54
2 4
2 4
4 8
4 8
3 6
2 4
2 4
4 8
3 6
2 4
4 7
2 4
2 4
30 52
4 8
3 4
3 5
3 6
2 4
3 6
32 46
41 66
8 16
2 4
3 4
3 6
4 8
3 6
3 6
4 8
5 8
4 8
2 3
9 16
2 4
3 5
2 4
2 4
6 11
2 3
3 6
6 9
4 8
3 5
3 6
3 6
3 6
2 4
3 5
2 4
5 10
3 6
4 8
5 6
4 8
3 5
3 6
3 6
3 5
3 5
3 6
9 17
5 6
11 18
5 10
3 6
3 6
24 38
10 17
7 14
2 4
12 22
32 50
43 78
4 8
187 188
7 14
3 6
2 4
4 8
37 70
7 14
19 37
7 14
2 4
2 4
2 4
8 16
2 4
15 30
20 34
26 48
9 17
5 10
8 16
3 6
20 40
11 20
51 74
6 11
12 22
3 6
3 6
7 13
3 6
3 6
13 12
3 6
16 26
16 32
12 22
15 28
5 10
3 5
17 34
57 102
80 104
2 4
158 180
61 90
5 10
3 6
52 90
71 105
3 6
3 6
4 7
7 12
7 14
6 10
7 14
2 4
14 28
5 10
14 27
20 32
4 8
48 84
2 4
3 5
2 4
3 6
2 4
4 8
13 26
53 102
13 24
11 22
13 26
2 4
3 6
13 24
6 12
5 10
57 84
3 6
11 22
3 6
14 26
76 90
3 6
5 10
2 4
79 127
2 4
7 14
36 60
2 4
3 6
10 19
4 8
47 76
8 16
17 32
6 12
6 12
5 10
6 12
104 124
2 4
5 10
2 4
12 22
11 22
3 6
7 14
7 14
7 12
2 4
3 6
9 18
18 32
95 120
5 10
15 29
21 35
2 4
2 4
9 16
7 14
4 8
15 29
107 131
13 25
8 15
14 26
5 10
7 14
8 16
39 66
9 18
4 8
2 4
2 4
2 4
4 8
36 68
4 8
3 6
10 20
2 4
3 6
2 4
2 4
3 6
15 28
2 4
11 22
12 24
4 8
2 4
11 22
2 4
5 10
2 4
2 4
15 24
6 12
5 10
20 39
6 12
9 17
2 4
17 32
23 36
2 4
3 6
16 30
3 6
9 16
4 8
5 10
4 8
4 8
3 6
4 8
14 28
2 4
2 4
3 4
3 6
3 6
3 6
34 52
7 14
2 4
4 7
4 8
3 5
4 8
6 12
2 4
4 8
2 4
3 6
3 4
4 8
10 18
5 9
3 5
3 6
3 6
2 4
17 30
3 6
2 4
3 6
2 4
3 6
3 6
43 73
3 5
15 30
2 4
4 8
2 4
11 21
3 4
4 7
3 6
3 6
3 6
6 12
2 4
941 179
7 10
4 8
10 20
6 12
3 5
2 4
2 4
2 4
7 11
2 4
2 4
2 4
4 8
2 4
3 6
3 6
3 6
4 8
3 6
3 6
3 6
2 4
4 8
3 6
2 4
3 6
3 5
17 32
3 5
4 8
2 4
4 8
3 6
2 4
2 4
2 4
4 7
3 5
5 10
20 38
2 4
2 4
3 6
3 6
3 5
4 8
3 6
3 6
3 6
3 6
2 4
5 10
3 4
2 4
3 5
6 10
3 6
15 30
3 5
3 5
9 18
3 6
8 14
2 4
4 8
3 5
13 21
4 8
3 4
2 3
3 6
3 6
2 4
3 4
2 4
2 4
3 6
7 12
2 4
59 68
2 4
71 110
2 4
3 6
3 5
2 4
8 10
3 5
2 4
2 4
3 6
6 12
24 31
2 4
2 4
3 6
3 6
5 8
4 8
3 5
3 6
4 8
3 6
2 4
3 5
3 6
2 4
7 14
2 4
5 10
3 6
4 8
3 5
4 8
3 5
3 6
3 6
3 6
2 4
3 6
6 11
4 8
2 4
2 4
3 6
21 40
3 5
5 8
3 5
2 4
3 4
6 10
8 16
3 6
3 6
2 4
2 4
4 7
5 6
3 6
10 20
4 8
5 10
2 4
6 12
5 8
3 6
2 4
34 34
4 8
2 4
5 10
3 5
2 3
2 4
2 4
2 4
2 4
3 4
3 6
3 4
4 7
3 6
2 4
8 16
2 4
3 6
6 8
6 12
2 4
3 6
3 6
2 4
5 9
2 4
3 6
3 4
4 8
4 8
3 6
2 4
2 4
4 8
2 4
3 6
3 6
3 6
3 5
2 4
2 3
2 4
4 8
5 8
9 17
4 8
3 6
18 34
3 6
7 14
5 8
2 4
6 12
4 8
2 4
2 4
3 6
3 6
2 4
2 4
2 4
9 18
2 4
2 4
6 12
3 6
3 4
4 8
2 4
2 4
3 5
2 4
3 6
3 6
2 4
3 6
4 8
3 6
3 5
4 8
3 6
3 6
2 4
3 6
4 8
9 17
2 4
2 4
4 8
4 8
3 6
6 12
3 6
107 158
105 85
2 4
2 4
2 4
4 8
2 4
4 8
4 8
3 6
3 6
2 4
3 6
2 4
7 14
3 6
3 6
7 14
4 8
5 10
7 14
24 46
5 10
4 8
4 6
2 4
2 4
2 4
3 6
13 22
12 22
5 10
20 36
3 6
4 8
5 10
3 6
5 10
2 4
4 7
4 8
6 12
3 6
2 4
2 4
3 6
3 6
2 4
3 6
5 10
8 16
5 10
10 20
2 4
8 14
2 4
2 4
2 4
3 6
3 6
2 4
7 14
3 6
2 4
2 4
4 8
8 16
2 4
2 4
2 4
2 4
2 4
2 4
3 6
3 6
3 6
3 6
2 4
2 4
4 8
21 38
5 10
3 6
2 4
2 4
7 14
7 14
3 6
3 6
3 6
3 6
3 6
2 4
14 28
4 8
3 6
4 8
6 12
2 4
2 4
5 10
2 4
4 8
9 18
2 4
2 4
2 4
2 4
8 16
4 8
3 6
6 11
3 6
2 4
2 4
4 8
2 4
3 6
3 6
6 12
2 4
3 6
2 4
3 6
2 4
3 6
3 6
4 8
3 6
3 6
17 34
3 6
2 4
18 36
4 8
2 4
2 4
3 6
2 4
5 10
4 8
2 4
8 16
4 8
3 6
6 10
3 6
4 8
4 8
3 6
10 20
3 6
6 10
4 8
5 8
2 4
2 4
5 10
4 8
2 4
2 4
3 6
2 4
2 4
2 4
4 8
7 14
2 4
3 6
2 4
5 10
2 4
2 4
3 6
4 8
4 7
2 4
3 6
3 6
6 12
3 6
2 4
2 4
7 14
4 8
3 6
3 5
3 6
3 6
3 6
4 8
6 10
3 6
5 8
2 4
2 4
5 9
4 7
2 4
2 4
3 6
2 4
2 4
5 10
3 6
4 8
2 4
4 8
3 6
4 8
3 5
4 8
3 6
2 4
2 3
5 10
2 4
4 8
3 6
4 8
4 8
3 6
4 6
2 4
2 4
2 4
3 6
3 6
4 8
5 9
2 4
2 4
2 4
5 10
2 4
4 8
3 6
2 3
4 8
3 6
2 4
14 28
2 3
2 4
4 8
3 6
4 7
5 9
2 4
2 4
6 8
2 4
3 6
3 4
2 4
4 8
2 3
3 6
4 8
2 4
3 6
3 6
3 6
5 9
3 6
4 8
3 6
4 8
4 8
2 4
4 8
4 8
3 5
2 4
19 38
3 5
3 6
32 45
2 4
3 6
7 12
3 6
5 10
41 58
3 4
3 6
3 6
7 14
3 6
3 6
6 10
3 6
3 6
2 3
2 4
3 6
4 8
2 4
3 6
4 8
2 4
5 9
4 7
4 7
3 6
3 6
2 4
19 27
3 6
2 4
5 9
2 4
3 6
2 4
2 4
3 6
5 10
4 7
4 8
3 6
15 30
2 4
2 4
4 7
3 6
15 28
5 10
2 4
4 8
3 5
76 120
16 30
5 10
4 8
2 4
3 4
4 8
12 19
5 10
2 4
10 16
4 8
4 8
3 6
4 8
4 7
2 4
3 5
2 4
2 4
2 4
3 6
2 4
9 16
3 6
6 11
7 14
3 6
3 6
4 8
2 4
4 7
3 5
3 6
2 4
2 4
4 8
4 8
3 6
2 4
26 47
5 10
15 17
2 4
9 17
5 10
5 9
3 6
4 7
11 22
3 5
3 5
3 6
2 4
4 6
4 7
2 4
3 4
3 6
4 8
2 4
3 6
4 7
2 4
2 4
2 4
3 6
6 12
5 10
3 6
4 8
3 5
2 4
7 10
3 6
3 6
2 4
2 4
2 4
2 4
3 6
3 5
4 7
2 4
2 4
4 6
3 6
3 6
2 4
2 4
6 11
2 4
4 6
4 8
3 6
43 50
10 18
2 4
2 4
2 4
3 6
3 6
2 4
2 4
5 10
3 6
15 30
3 6
2 4
4 8
6 12
2 4
2 4
3 6
3 6
3 6
3 6
3 6
7 14
4 8
4 8
16 30
79 132
6 12
13 24
4 7
2 4
7 14
3 6
4 8
2 4
12 24
9 18
5 8
32 52
210 158
3 5
5 10
13 26
8 16
2 4
2 4
6 12
321 195
4 7
8 16
4 8
50 87
16 32
2 4
5 10
27 50
6 12
2 4
2 4
3 5
2 4
6 12
41 68
16 32
2 4
12 22
16 30
5 9
5 10
20 38
39 54
31 56
2 2
2 4
8 14
79 114
2 4
3 6
2 4
4 8
4 8
5 10
10 20
13 24
21 38
14 28
5 10
3 6
11 20
8 14
4 8
2 4
25 46
34 58
11 21
3 4
2 4
2 4
6 12
3 6
5 10
2 4
13 24
4 8
3 6
2 4
2 4
2 4
5 10
173 196
7 14
10 19
3 6
5 8
2 4
2 4
41 75
6 12
10 20
18 32
7 14
2 4
2 4
4 8
3 6
2 4
3 6
2 4
3 5
34 54
2 4
6 12
10 18
4 8
2 4
3 6
68 110
16 26
29 50
6 12
9 18
40 68
2 4
16 30
3 6
7 14
18 30
3 6
82 71
8 16
2 4
3 6
3 6
2 4
9 18
2 4
25 47
3 6
2 4
2 4
10 20
20 38
8 16
9 18
8 16
20 40
3 6
3 6
4 8
4 8
4 8
7 14
31 50
4 8
2 4
2 4
22 42
3 6
18 34
4 8
4 8
4 8
2 4
85 122
2 4
6 12
8 16
8 16
18 32
4 8
8 16
6 12
3 6
5 10
11 20
17 32
3 6
79 124
12 23
9 17
20 36
12 22
14 27
2 4
46 69
7 13
3 6
2 4
2 4
4 8
7 14
6 12
31 54
9 16
7 14
38 58
14 26
4 8
3 6
3 5
70 105
3 6
7 14
84 126
2 4
4 8
3 6
3 6
13 26
63 106
5 10
4 6
2 4
5 10
3 6
5 10
4 8
3 6
2 4
3 6
4 8
4 8
4 8
26 44
27 51
126 160
42 67
4 8
3 5
66 104
2 4
3 6
5 10
23 42
3 6
2 4
2 4
2 4
21 40
5 10
2 4
4 8
7 13
3 6
20 34
4 8
5 10
2 4
9 16
13 26
2 4
6 10
3 6
13 25
16 30
10 18
15 28
2 4
5 10
3 6
4 7
14 24
19 35
44 80
3 6
5 10
3 6
3 6
2 4
2 4
7 14
6 12
6 12
3 6
13 23
4 8
2 4
7 12
3 6
2 4
19 38
97 128
2 4
4 8
5 10
12 21
57 92
2 4
3 6
17 32
3 6
3 6
3 6
3 6
2 4
2 3
8 16
8 16
3 6
14 26
3 6
2 4
3 6
3 6
104 111
2 4
39 38
3 6
143 146
5 10
4 8
7 14
3 6
3 6
2 4
4 8
3 6
3 6
13 24
30 48
6 12
2 4
19 30
4 7
11 22
3 5
2 4
3 6
4 8
17 32
2 4
4 8
11 20
3 6
14 26
3 6
18 34
3 6
3 6
15 30
2 4
2 4
4 7
3 5
2 4
18 34
2 4
2 4
10 20
4 8
2 4
32 53
46 74
12 24
14 28
2 4
6 12
20 34
21 37
3 6
2 4
6 9
4 8
3 6
3 6
4 8
3 6
3 6
9 18
4 8
6 10
3 6
3 6
3 5
2 4
5 9
6 11
2 4
4 8
14 24
4 8
4 8
28 48
6 12
15 28
4 8
2 4
5 9
6 10
4 8
2 4
3 6
3 5
3 6
3 6
3 6
18 34
107 103
2 4
2 4
2 4
5 10
2 4
3 6
21 34
3 6
3 6
4 8
5 10
6 12
12 22
5 9
11 22
13 26
35 67
3 6
28 46
30 44
2 4
9 18
18 30
2 4
81 104
2 4
4 8
7 12
2 4
2 4
16 32
3 6
4 8
2 4
5 9
7 14
3 6
24 41
5 9
37 66
2 4
5 10
12 24
20 27
2 4
12 20
5 10
21 41
3 6
3 6
5 10
6 12
9 18
3 6
3 6
21 34
15 30
40 56
8 16
12 22
14 26
2 4
4 8
7 14
3 6
15 30
2 4
3 6
7 14
4 8
2 4
4 7
4 7
3 6
2 4
2 4
24 47
2 4
36 62
2 4
6 12
2 4
21 36
47 81
3 6
45 82
2 4
3 6
6 12
5 10
7 14
3 6
4 8
4 8
3 6
4 8
3 6
2 4
15 27
6 12
3 6
6 12
4 8
45 67
2 3
27 49
4 8
6 11
4 8
2 4
37 54
9 18
4 8
4 8
19 36
11 17
2 4
6 12
3 6
2 4
2 4
3 6
2 4
16 32
3 6
3 6
14 24
17 28
3 6
3 6
8 16
2 4
4 8
4 8
64 99
3 5
4 8
4 8
5 10
2 4
3 6
3 6
4 8
12 22
32 48
3 6
3 6
3 6
3 6
39 72
4 8
10 18
2 4
12 22
3 6
20 36
3 5
3 5
5 10
13 24
2 4
4 8
249 193
5 10
4 8
3 6
6 12
4 8
3 6
7 14
4 8
6 9
6 12
2 4
2 4
27 52
4 8
6 12
4 8
106 122
32 58
4 8
4 8
3 6
15 26
2 4
3 6
2 4
2 4
3 6
2 4
13 24
5 10
29 49
12 24
2 4
24 42
3 6
11 22
2 4
4 8
7 14
15 28
3 6
27 50
6 12
4 8
2 4
3 6
19 29
7 14
16 30
5 10
11 18
2 4
2 4
2 4
17 33
6 12
2 3
3 6
3 6
10 20
3 6
17 32
2 3
7 11
4 8
6 12
19 30
3 6
11 20
6 12
3 6
8 16
2 4
20 40
3 6
3 6
30 51
4 8
2 4
2 4
46 75
2 4
3 6
3 6
3 6
5 10
4 8
14 22
40 57
2 4
8 15
3 6
21 36
5 9
3 6
3 6
2 4
3 6
6 12
4 8
21 35
27 44
2 4
2 4
4 8
6 11
3 6
4 8
258 171
2 4
17 32
9 18
5 10
3 5
7 14
5 10
3 6
2 4
10 20
3 6
10 18
3 6
4 4
41 70
7 14
2 4
6 12
3 6
3 6
3 5
27 46
2 4
5 10
2 4
3 5
2 4
3 5
3 6
3 6
4 7
6 11
3 6
3 6
5 10
3 6
14 24
11 22
4 8
4 8
3 6
174 173
17 28
3 6
6 12
2 4
5 10
16 29
5 10
3 6
9 18
24 48
49 62
6 12
67 98
11 22
3 4
3 6
29 55
21 38
2 4
3 6
4 8
3 6
2 4
27 45
19 32
2 3
7 12
2 3
3 5
2 4
2 4
10 20
2 4
36 60
2 4
8 16
3 6
3 6
3 6
2 4
3 6
4 8
6 12
28 56
3 6
3 6
2 4
3 6
4 8
12 21
2 4
3 6
28 46
2 4
3 6
4 8
3 6
3 6
3 6
13 20
5 10
6 12
16 26
5 9
73 90
6 12
54 76
3 5
4 7
3 6
6 11
4 8
22 34
4 8
4 8
3 6
2 4
7 14
4 8
3 6
7 14
3 6
3 4
21 39
2 4
3 6
2 4
2 4
3 6
4 8
28 50
4 8
7 14
2 4
2 4
3 6
2 4
4 8
4 8
4 7
3 6
3 6
3 6
3 6
3 6
3 6
2 4
2 4
4 8
4 8
2 4
2 4
3 6
2 4
6 12
2 4
2 4
2 4
7 14
17 32
2 4
2 4
3 6
2 4
2 4
2 4
19 36
4 8
2 4
2 4
3 6
3 6
2 4
4 8
2 4
3 6
2 4
2 4
2 4
9 18
4 8
3 6
3 6
11 22
3 6
3 6
4 8
2 4
2 4
13 26
3 6
43 66
2 4
4 8
2 4
3 6
2 4
5 10
4 8
4 8
4 8
2 4
4 7
5 10
2 4
3 6
2 4
2 4
3 6
2 4
6 12
3 6
4 8
4 8
3 6
4 8
3 6
3 6
3 6
2 4
4 8
3 6
3 6
4 8
5 10
6 10
4 8
3 6
3 6
2 4
5 10
5 10
2 4
3 6
4 8
2 4
2 4
2 4
3 4
3 6
2 4
2 4
3 6
2 4
2 4
4 8
3 6
3 6
2 4
4 8
3 6
2 4
3 6
3 6
3 6
2 4
5 10
3 6
3 6
6 12
2 4
2 4
2 4
3 6
2 4
2 4
2 4
4 8
4 8
5 10
4 8
3 6
2 4
5 10
3 6
3 6
4 8
4 8
14 28
3 6
3 6
2 4
2 4
3 6
2 4
3 6
3 6
4 7
5 10
2 4
6 12
2 4
3 6
2 4
4 8
2 4
3 6
2 4
2 4
3 6
4 8
4 8
2 4
8 16
10 20
5 9
3 6
3 6
30 56
2 4
2 4
3 6
3 6
2 4
3 6
4 8
4 8
2 4
3 6
2 4
4 8
3 6
2 4
3 6
4 8
2 4
6 12
4 8
2 4
4 8
4 8
3 6
3 6
3 6
2 4
2 4
4 8
4 8
3 6
3 6
2 4
3 6
3 6
3 6
3 6
3 6
2 4
3 6
3 6
5 10
3 6
2 4
2 4
2 4
3 4
3 6
2 4
2 4
3 6
2 4
2 4
3 6
3 6
2 4
2 4
3 6
4 8
7 14
14 28
2 4
2 4
3 6
3 6
3 6
5 8
4 8
3 6
3 6
5 10
3 6
4 8
5 8
3 6
5 8
2 4
6 10
5 6
2 4
2 4
3 6
3 6
4 8
3 6
3 6
3 6
3 6
3 6
4 7
2 4
2 4
2 4
2 4
3 6
2 4
2 4
3 6
2 4
2 4
2 4
2 4
2 4
3 6
2 4
3 6
3 6
2 4
3 6
2 4
4 8
6 12
2 4
4 8
2 4
16 31
4 8
2 4
4 8
3 6
5 10
3 6
3 6
4 8
2 4
5 10
2 4
2 4
11 15
2 4
2 4
3 6
2 4
3 6
2 4
2 4
2 4
2 4
3 6
3 6
2 4
3 6
2 4
2 4
2 4
4 8
2 4
2 4
2 4
3 6
3 6
3 6
2 4
2 4
3 6
3 6
2 4
5 10
6 12
3 6
3 6
2 4
5 10
2 4
3 6
3 6
3 6
12 24
3 6
3 6
2 4
2 4
6 12
8 16
3 6
2 4
2 4
3 6
2 4
2 4
3 6
4 7
3 6
2 4
4 8
3 6
3 6
2 4
5 10
2 4
3 6
3 6
2 4
3 6
3 6
3 6
12 24
3 6
3 6
2 4
2 4
2 4
2 4
3 6
2 4
2 4
2 4
4 8
2 4
3 6
3 6
3 6
2 4
3 6
3 6
2 4
3 6
2 4
3 6
6 12
3 6
4 8
13 26
4 8
2 4
3 6
3 6
3 6
2 4
2 4
3 6
2 4
3 6
2 4
2 4
2 4
3 6
4 8
2 4
3 4
7 14
3 6
9 18
4 8
2 4
2 4
7 14
3 6
3 6
4 8
5 10
8 16
2 4
4 8
3 6
3 6
2 4
3 6
2 4
4 8
10 20
2 4
3 6
3 6
2 4
3 6
3 6
2 4
2 4
2 4
2 4
3 6
3 6
2 4
3 6
2 4
2 4
2 4
3 6
3 6
2 4
6 12
2 4
3 6
3 6
2 4
3 6
8 16
3 6
2 4
3 6
4 8
3 6
5 10
3 6
5 10
3 6
6 10
4 8
3 6
3 6
5 9
2 4
3 6
3 6
5 8
2 4
2 4
3 6
4 8
3 6
2 4
4 8
2 4
3 6
3 6
2 4
2 4
2 4
9 18
3 6
2 4
2 4
2 4
2 4
3 6
3 6
2 4
5 10
9 18
8 16
3 6
2 4
2 4
2 4
2 4
2 4
3 6
2 4
3 6
2 4
2 4
2 4
3 6
2 4
2 4
2 4
2 4
2 4
2 4
2 4
3 6
2 4
3 6
2 4
2 4
3 6
2 4
3 6
3 6
3 6
3 6
3 6
2 4
2 4
3 6
3 6
3 6
3 6
4 8
3 6
2 4
2 4
3 6
3 6
3 6
3 6
2 4
3 6
3 4
4 8
3 6
3 6
2 4
3 6
3 6
2 4
2 4
3 6
2 4
4 8
3 6
5 10
2 4
2 4
5 10
2 4
4 8
5 10
2 4
2 4
2 4
2 4
2 4
3 6
2 4
2 4
2 4
2 4
3 6
2 4
3 6
2 4
2 4
3 6
2 4
2 4
3 6
3 6
2 4
2 4
2 4
3 6
2 4
3 6
3 6
2 4
3 6
2 4
2 4
3 6
2 4
2 4
2 4
2 4
3 6
3 6
2 4
3 6
2 4
18 34
3 6
3 6
2 4
2 4
4 8
2 4
2 4
3 6
4 8
5 10
4 8
6 11
3 6
2 4
2 4
4 8
2 4
2 4
2 4
5 10
2 4
3 6
2 4
3 6
2 4
4 8
3 6
3 6
3 6
2 4
2 4
2 4
3 6
3 6
3 6
2 4
3 6
2 4
2 4
3 6
3 6
3 6
3 6
2 4
2 4
2 4
2 4
2 4
3 6
2 4
2 4
2 4
3 6
3 6
3 6
3 6
3 6
2 4
2 4
3 6
3 6
2 4
2 4
2 4
2 4
2 4
2 4
2 4
3 6
2 4
2 4
3 6
3 6
2 4
3 6
3 6
2 4
3 6
3 6
3 6
2 4
2 4
2 4
3 6
3 6
4 8
2 4
2 4
4 8
4 8
3 6
2 4
2 4
2 4
3 6
3 6
3 6
3 6
2 4
2 4
2 4
2 4
2 4
3 6
3 6
2 4
4 8
2 4
4 8
3 6
3 6
3 6
5 7
3 5
2 4
3 4
2 4
3 6
2 4
3 6
3 4
3 4
3 5
3 6
4 8
3 6
5 10
2 4
2 4
3 6
5 9
3 6
2 3
2 4
5 8
4 8
3 6
4 7
3 4
2 4
3 6
4 8
4 8
3 6
3 6
4 7
4 8
3 5
2 4
3 6
4 6
3 6
4 8
3 6
3 5
3 6
3 6
2 4
2 4
3 6
2 3
2 4
2 4
2 4
3 6
2 4
2 3
4 8
4 8
2 4
2 3
3 5
3 6
3 6
3 6
2 4
6 10
2 4
3 6
4 8
4 8
4 8
3 6
2 4
3 6
3 6
2 4
3 5
3 4
3 6
3 6
3 6
5 10
3 6
3 6
3 6
3 5
3 6
5 10
5 9
3 6
3 4
3 6
4 8
3 6
7 14
5 10
6 12
2 4
2 4
3 6
3 6
4 8
3 6
8 16
2 4
3 6
2 4
2 4
2 4
3 6
3 6
2 4
4 8
3 6
3 6
4 8
3 5
6 12
3 4
2 4
2 4
3 6
3 5
4 8
3 6
3 6
4 8
3 6
5 10
3 4
4 7
9 12
2 4
2 4
17 32
3 6
2 4
2 4
2 4
2 4
2 4
3 6
4 8
2 4
5 8
2 4
2 4
2 4
15 15
4 7
4 7
3 6
2 4
3 5
4 8
2 4
84 106
8 16
4 8
2 4
2 4
3 6
3 6
3 6
3 5
2 4
2 4
4 8
3 4
3 6
3 6
4 5
3 6
2 4
3 5
2 4
2 4
2 4
3 6
3 6
4 8
3 6
3 6
13 26
2 4
2 4
2 4
3 6
4 7
5 10
3 6
4 7
3 6
2 4
3 6
4 8
3 6
2 4
2 3
3 6
3 6
4 8
2 4
5 10
3 6
3 6
7 12
3 4
3 4
2 4
3 6
2 4
3 6
3 6
13 20
2 4
3 6
2 4
3 5
3 6
3 4
2 4
3 6
4 8
3 5
3 6
2 4
2 4
2 4
3 6
3 4
2 3
4 7
5 6
4 7
3 6
2 4
3 5
3 6
2 4
2 4
2 4
2 4
3 6
6 12
3 6
7 14
2 4
4 8
3 6
3 6
5 7
2 4
3 6
3 6
3 6
3 5
4 8
7 13
3 6
3 3
2 4
6 12
2 4
4 8
2 4
4 8
3 6
3 6
4 8
3 4
3 6
2 4
3 5
4 8
3 6
3 6
4 8
2 4
5 10
3 5
3 6
5 10
3 6
3 6
2 4
3 6
5 9
3 6
3 6
3 6
2 4
3 6
3 4
3 6
2 4
6 12
3 6
3 6
3 5
3 6
4 7
5 10
5 6
28 48
2 4
3 6
3 6
4 8
3 6
6 12
4 8
3 6
4 8
3 6
2 4
3 6
2 4
2 4
2 4
3 6
5 8
3 6
4 4
2 4
10 19
3 6
3 6
3 6
3 6
3 5
4 8
2 4
3 6
4 6
2 4
5 10
4 8
3 5
3 6
4 7
4 8
3 6
2 4
3 6
3 6
4 8
9 14
3 6
5 10
5 10
5 10
3 6
4 8
11 22
2 4
3 6
6 12
3 6
3 5
4 8
5 9
3 6
2 4
6 12
3 6
4 7
5 10
2 4
2 4
3 6
3 6
4 7
3 6
4 8
3 6
4 8
3 6
2 4
6 12
5 10
4 8
6 12
3 6
3 6
15 30
2 4
2 4
2 4
3 6
2 4
3 6
2 4
3 6
81 115
64 111
52 81
36 63
2 4
4 8
2 4
3 6
3 6
4 8
4 8
3 5
5 6
4 7
3 6
6 12
3 4
4 8
4 8
2 4
2 4
4 7
2 4
2 4
3 6
2 4
3 6
2 4
3 6
3 6
3 6
2 4
3 6
4 8
5 6
3 6
3 6
2 4
3 5
3 6
3 6
4 8
2 4
3 6
3 6
5 10
2 4
3 6
4 8
5 9
3 5
2 4
2 3
3 6
3 6
4 7
2 4
4 8
3 6
5 9
3 6
2 4
3 6
3 6
6 11
3 6
3 5
3 5
2 4
2 4
2 4
3 6
5 9
3 6
3 6
3 6
3 6
3 6
3 6
4 8
3 6
4 8
4 8
2 4
3 6
4 7
2 4
3 6
2 3
5 10
3 6
32 62
4 8
3 6
2 4
2 4
3 6
3 6
3 6
2 4
3 5
3 6
3 4
2 4
5 10
5 9
3 6
2 4
3 6
2 4
3 6
2 4
2 4
5 10
2 3
2 4
2 4
2 4
4 8
2 4
2 4
3 6
2 4
3 4
2 4
2 4
3 6
3 6
3 6
3 6
2 4
2 4
3 6
6 12
2 4
3 6
3 6
2 4
2 4
2 4
3 6
3 6
3 6
3 6
3 6
2 4
4 6
2 4
2 4
21 42
2 4
2 4
3 6
3 5
10 18
2 4
3 6
12 23
2 4
3 6
2 4
4 8
5 10
6 12
3 6
2 4
3 6
2 4
3 6
3 6
2 4
2 4
2 4
2 4
2 4
3 6
3 6
5 9
3 6
3 5
3 6
3 6
4 8
21 36
4 8
3 6
3 6
4 8
4 8
2 4
3 6
3 5
3 6
3 6
5 7
3 5
3 6
4 7
3 6
3 6
3 6
2 4
2 4
3 6
2 4
3 6
3 6
3 6
3 6
2 4
3 6
3 6
2 4
3 6
2 4
3 5
2 4
4 8
4 8
2 4
3 6
5 10
4 8
3 5
3 5
3 6
3 6
6 11
2 4
2 4
3 6
3 5
3 6
3 6
2 4
3 6
6 9
4 7
3 5
3 6
3 6
5 9
4 8
4 7
3 6
4 6
4 8
5 10
3 6
6 12
5 10
3 6
5 9
3 5
4 8
3 6
2 4
3 6
3 5
2 4
4 8
4 7
3 6
3 6
3 6
3 6
3 5
2 4
3 6
2 4
2 4
6 12
3 6
4 7
3 5
5 9
3 5
8 14
3 5
6 11
3 5
3 6
2 4
3 6
4 8
3 6
3 6
13 26
3 6
3 6
3 6
3 6
3 4
4 8
7 9
2 4
19 38
4 8
3 5
2 4
3 6
3 6
3 6
4 8
35 65
2 4
3 5
2 4
3 6
3 6
2 4
3 6
5 9
9 15
2 4
2 4
2 3
5 10
3 6
3 6
2 4
3 4
3 6
3 6
4 8
3 6
2 4
4 8
2 4
2 4
3 6
6 12
2 4
3 5
3 5
3 6
3 6
3 6
2 4
16 26
3 6
2 4
3 6
3 6
3 6
3 6
5 10
2 4
4 8
3 6
6 8
8 11
2 4
3 6
3 6
3 6
3 6
2 4
4 4
3 5
3 6
26 40
2 4
2 4
5 9
2 4
3 6
2 3
18 35
17 31
3 6
6 11
6 11
3 6
4 6
3 6
2 4
5 10
3 6
3 6
4 7
3 6
4 6
3 6
3 6
2 4
2 4
2 4
2 4
5 8
2 4
2 4
3 6
3 6
18 32
3 6
3 6
4 8
3 5
3 6
4 8
3 6
2 4
3 6
3 6
2 4
3 6
10 20
10 20
2 4
3 6
3 4
3 5
6 11
3 6
6 8
2 4
3 6
3 6
4 8
2 4
3 5
7 13
3 6
4 8
4 8
3 6
3 6
2 4
6 9
3 6
3 6
4 8
4 8
3 5
2 4
6 7
3 6
3 5
5 10
3 6
3 5
2 4
5 10
98 94
3 6
3 4
3 6
3 6
2 4
3 6
2 4
3 6
4 7
3 5
5 10
3 6
3 6
3 5
3 5
3 6
2 4
3 6
4 8
3 6
24 44
3 6
2 4
5 10
4 8
3 6
2 4
3 4
3 6
2 4
2 4
3 6
3 5
2 4
2 4
4 8
3 6
4 8
8 15
3 5
4 8
4 8
3 6
3 6
3 6
3 6
2 4
4 7
4 8
2 4
3 6
2 4
2 4
3 6
2 4
7 14
4 8
5 10
4 7
4 7
2 3
2 4
3 5
3 6
2 3
3 5
3 6
3 6
3 6
2 4
3 6
2 4
2 4
2 4
3 6
2 4
2 4
4 8
3 6
3 6
2 4
5 8
2 4
4 8
6 12
3 5
2 4
2 4
4 8
3 6
3 6
3 6
5 9
3 6
3 6
5 10
2 4
2 4
3 6
5 10
3 6
3 6
2 4
3 6
3 6
2 4
2 4
3 5
2 4
3 6
2 4
2 4
3 6
3 6
4 8
2 4
3 4
5 10
3 6
3 5
2 4
3 6
3 6
2 4
2 4
3 6
2 4
2 4
3 5
3 5
3 6
3 6
4 7
3 5
3 4
4 8
4 7
3 5
3 6
3 5
3 6
2 4
3 6
4 7
3 6
2 4
2 4
3 4
3 6
3 5
2 4
3 6
3 6
2 4
3 6
3 6
5 7
3 5
3 6
3 6
4 7
2 4
2 4
3 5
3 6
3 6
2 4
2 4
2 4
3 6
5 9
3 6
2 4
3 6
4 8
3 6
2 4
5 10
3 6
3 6
5 10
3 6
4 8
3 5
2 4
3 6
5 10
3 6
2 4
3 6
6 9
3 5
3 6
3 6
2 4
2 4
2 4
3 6
3 6
2 4
4 8
4 7
3 6
3 6
3 6
2 4
2 4
3 6
3 6
2 4
2 4
3 6
2 4
4 8
3 6
2 4
4 7
2 4
2 4
4 8
2 4
3 6
4 8
3 5
3 6
3 5
4 8
2 4
3 6
3 6
3 6
3 6
4 7
3 6
4 7
3 6
2 4
3 6
3 6
2 4
4 6
4 8
3 6
3 6
2 4
5 10
6 12
2 4
4 7
3 6
3 6
3 6
30 51
23 37
19 29
8 16
3 5
5 10
3 6
5 8
3 6
4 8
2 4
10 20
2 4
3 5
3 6
3 6
3 6
3 6
4 8
2 4
2 4
3 6
6 11
4 8
4 7
3 6
2 4
3 6
6 12
4 8
4 8
3 6
3 6
3 6
2 3
2 4
6 11
3 6
4 7
3 6
3 6
3 4
3 5
3 5
3 5
3 5
13 23
3 6
3 6
2 4
3 6
3 6
3 6
2 4
31 58
2 4
2 4
2 3
3 6
2 4
3 4
3 6
3 6
3 5
4 8
2 4
6 9
3 6
2 4
3 6
3 6
3 6
2 4
2 4
2 4
3 6
3 6
4 7
4 6
9 17
2 4
3 6
3 6
4 8
4 7
4 7
4 8
2 4
3 5
2 4
3 5
3 6
3 5
3 6
3 6
4 7
3 5
2 4
3 6
2 4
3 6
2 4
3 6
2 4
4 7
3 5
3 6
2 4
10 20
2 4
4 8
3 6
4 8
3 6
3 6
7 14
2 4
2 4
12 22
4 8
3 6
4 8
2 4
4 8
2 4
4 8
4 8
4 7
2 4
3 6
4 7
6 12
4 7
4 8
3 6
2 4
2 4
3 6
3 6
4 7
2 4
4 8
2 4
2 4
3 6
3 5
5 9
6 12
3 6
20 26
4 8
3 6
5 9
3 6
3 6
3 4
3 5
3 6
3 6
3 6
3 6
3 5
5 10
2 3
4 8
3 6
2 4
3 4
2 4
4 8
15 25
12 18
3 6
2 4
2 4
3 6
3 6
3 6
2 4
4 8
3 6
3 6
2 4
4 8
3 6
3 6
3 4
2 4
3 6
3 4
4 7
3 5
2 4
4 8
2 4
8 15
3 5
6 8
3 6
3 5
3 6
2 4
3 6
2 4
3 6
3 6
2 3
3 6
5 10
3 6
2 4
3 6
2 3
3 5
3 6
3 6
2 4
3 6
3 6
3 6
3 6
3 6
3 6
3 6
3 6
4 8
3 6
2 4
3 6
3 6
3 6
3 6
3 6
2 4
4 8
3 6
3 6
3 5
3 6
3 6
2 4
2 4
3 6
3 6
2 4
2 4
3 6
3 6
3 6
20 29
24 39
12 19
17 27
10 17
3 6
4 8
8 14
2 4
3 5
3 5
2 4
3 6
4 7
3 6
5 9
4 8
3 5
3 6
8 16
6 12
7 14
3 6
6 10
3 6
5 10
4 8
6 12
3 6
7 14
8 16
3 6
2 4
3 6
13 21
6 11
3 5
3 6
2 4
3 6
2 4
4 7
3 6
3 6
5 9
3 6
3 5
3 6
3 6
3 6
3 5
3 6
3 6
5 10
3 6
2 4
2 4
3 6
3 5
3 6
3 6
3 6
3 6
3 6
3 6
2 4
3 6
3 6
4 7
5 9
4 7
3 4
5 9
2 4
2 4
2 4
3 6
5 9
3 5
5 9
3 6
3 5
3 6
3 6
3 6
12 22
3 6
7 13
3 6
3 6
3 6
17 33
3 6
3 6
5 10
6 12
32 58
3 6
13 24
3 6
4 8
2 4
18 34
14 28
6 12
6 10
3 6
3 6
2 4
11 22
4 8
17 34
4 8
2 4
3 6
3 6
2 4
3 6
4 8
5 9
4 7
2 4
2 4
8 16
6 11
32 64
2 4
3 6
2 3
4 8
3 5
4 8
3 6
22 42
2 4
15 27
6 12
3 6
3 6
10 19
4 8
12 24
3 6
7 14
3 6
4 7
2 4
3 6
3 6
3 5
17 34
3 6
3 6
3 6
3 6
5 10
3 6
3 6
3 6
2 4
3 6
3 6
7 14
17 30
3 6
2 4
12 23
7 14
3 6
41 58
11 22
2 4
38 60
3 6
3 6
3 6
3 6
4 8
3 6
16 30
2 4
3 6
4 6
3 6
6 12
3 6
4 8
4 8
3 6
6 12
22 36
3 6
4 8
2 4
4 8
5 10
3 6
3 6
3 6
3 6
4 7
22 36
10 20
3 6
19 35
4 8
4 8
20 40
4 8
3 6
13 26
2 4
2 4
4 8
3 6
3 6
2 4
3 6
4 8
4 8
2 4
9 16
5 8
3 6
6 12
3 6
4 8
20 40
11 18
5 10
2 4
2 4
2 4
5 10
3 6
2 4
3 3
3 6
3 6
3 6
3 6
4 8
3 5
5 10
2 4
10 19
6 12
3 5
13 25
3 6
2 4
6 12
3 6
4 7
2 4
11 22
2 4
15 30
2 4
3 6
4 8
3 5
6 12
3 6
3 6
2 4
3 6
4 8
4 8
3 6
4 8
2 4
3 5
3 6
3 6
27 40
3 6
3 6
3 6
3 6
32 56
13 26
4 8
3 6
3 6
3 6
2 4
3 6
14 28
3 6
7 14
2 4
3 6
8 14
2 4
3 6
3 6
57 103
3 6
3 6
3 6
3 6
4 8
17 32
3 6
3 6
2 4
3 6
13 26
3 6
36 72
3 6
3 6
7 14
2 4
18 32
2 4
4 8
7 14
4 8
14 22
3 6
4 6
2 4
23 44
3 6
52 77
3 6
3 5
2 4
10 18
3 6
6 12
4 8
3 6
3 6
3 6
3 6
4 8
9 18
3 6
3 5
26 46
3 6
2 4
3 6
2 4
3 6
14 25
68 102
4 8
2 4
3 6
9 18
3 6
16 30
5 10
3 6
4 8
4 8
3 6
115 140
2 4
3 6
28 47
3 6
10 20
2 4
3 6
12 23
7 14
3 6
29 43
14 28
4 8
4 8
3 6
2 4
3 6
4 8
4 8
3 6
3 6
3 6
5 10
4 7
16 24
3 6
13 24
2 4
4 8
6 12
5 10
5 10
3 6
3 6
3 6
3 6
4 8
2 4
12 24
8 14
3 6
10 20
3 6
2 4
4 8
3 6
3 6
6 12
3 4
7 14
3 6
4 8
2 4
3 6
3 6
3 5
2 4
10 20
4 6
7 14
3 6
5 10
2 4
3 6
3 6
2 4
3 5
4 8
4 6
2 4
2 4
3 6
7 13
5 10
3 5
4 8
2 4
7 14
7 14
11 21
4 8
3 6
3 6
3 5
34 60
4 8
2 4
4 8
3 6
3 6
2 4
2 4
13 26
12 24
3 6
3 6
8 16
3 6
3 6
3 6
8 16
4 8
3 6
3 6
2 4
3 6
2 4
2 4
3 6
2 4
3 6
2 4
15 30
2 4
3 6
48 80
4 8
3 6
4 8
3 6
3 6
6 12
2 4
5 10
2 4
4 8
2 4
2 4
3 6
3 6
50 84
3 6
88 101
8 13
2 4
3 6
30 54
5 10
2 4
6 12
2 4
3 6
12 24
3 6
3 6
28 51
3 6
3 5
4 8
2 4
3 6
4 8
2 4
3 6
3 6
2 4
2 4
4 8
3 6
2 4
3 6
4 8
3 6
3 6
3 6
8 16
3 6
5 10
3 6
2 4
2 4
3 6
2 4
3 5
3 6
2 4
2 4
2 4
3 6
4 8
3 6
8 16
2 4
4 8
3 6
2 4
2 4
5 10
14 21
19 32
3 6
3 5
2 4
3 6
3 6
3 6
70 100
4 8
4 8
2 4
3 6
5 10
3 6
2 4
4 8
42 60
5 10
14 26
5 10
4 8
3 6
54 93
2 4
12 24
4 8
8 16
3 6
5 10
4 8
4 8
5 10
3 6
33 60
5 10
6 11
2 4
3 4
2 4
3 6
3 6
13 24
3 5
7 14
2 4
3 6
11 22
3 6
3 6
4 8
2 4
3 6
5 10
52 77
3 6
6 12
3 6
2 4
4 8
4 7
4 8
2 4
5 10
2 4
2 4
3 6
3 6
4 8
6 12
2 4
3 6
11 20
2 4
4 8
22 40
6 10
3 6
3 5
2 4
3 5
3 6
2 3
2 4
3 6
4 8
2 4
3 6
3 6
3 6
3 6
3 6
3 6
3 6
4 8
32 54
2 4
29 52
3 6
2 4
3 6
4 8
3 6
3 6
21 34
7 14
5 10
3 6
17 32
2 4
2 4
7 14
3 6
25 45
2 4
3 6
8 14
4 8
6 10
2 4
3 6
5 10
3 6
4 8
3 6
2 4
7 14
2 4
3 6
2 4
3 5
3 5
26 45
3 6
2 4
2 4
9 17
5 10
3 6
15 28
3 6
3 5
3 6
3 5
3 6
2 4
4 8
3 5
2 3
3 6
3 6
5 10
3 6
3 6
3 6
9 18
2 4
10 20
3 6
3 6
20 34
3 6
8 16
4 8
3 6
3 6
5 8
3 6
3 6
3 6
3 6
2 4
3 6
2 4
4 8
4 8
3 6
3 6
3 6
3 5
12 22
5 10
4 8
3 5
2 4
2 4
4 8
3 6
3 6
5 10
4 8
2 4
16 30
4 8
3 6
3 6
3 6
26 46
2 4
3 6
2 4
2 4
4 8
3 6
3 6
3 6
2 4
3 6
3 6
6 12
5 10
4 7
4 8
6 12
4 8
3 6
3 6
3 5
4 7
4 8
3 6
4 8
3 6
3 6
4 8
7 14
4 6
4 8
3 6
5 10
2 4
11 21
4 8
4 8
4 8
2 4
2 4
4 8
3 6
3 6
6 12
3 6
2 4
5 10
3 6
34 58
53 73
3 6
133 144
3 6
4 8
3 6
3 6
4 8
2 4
5 10
2 4
3 6
2 4
2 4
4 8
2 4
2 3
2 4
3 6
2 4
3 6
4 8
3 6
7 14
3 6
2 4
3 6
3 6
3 6
6 12
2 4
2 4
3 6
5 10
3 5
2 4
3 6
3 6
32 58
3 6
3 5
7 11
2 4
2 4
3 6
2 4
3 6
5 9
2 4
3 4
3 5
2 4
2 4
3 6
12 24
3 6
4 7
62 93
3 6
5 10
5 10
4 8
5 10
3 6
3 6
2 4
3 6
2 4
4 8
2 4
2 4
3 6
3 6
3 6
5 10
2 4
3 6
4 8
3 6
2 4
3 6
9 18
2 4
17 34
6 12
6 12
3 6
3 6
3 6
3 6
3 6
3 6
44 76
5 10
4 8
12 21
3 6
3 6
3 6
3 6
7 14
10 19
4 8
2 4
2 4
3 6
3 6
3 6
3 5
3 6
3 6
3 6
4 8
4 8
16 28
2 4
3 6
3 6
33 54
2 4
5 10
11 22
3 6
4 8
3 6
2 4
2 4
3 6
3 5
3 5
87 94
4 8
4 8
2 4
4 8
3 6
4 8
2 4
7 14
8 16
2 4
11 22
4 8
38 62
2 4
3 6
3 6
2 4
2 4
3 6
3 6
3 6
3 6
3 6
2 4
4 8
6 11
2 4
2 4
3 6
3 5
4 8
3 6
4 7
4 6
4 7
5 10
5 9
3 5
4 8
2 4
4 7
2 4
2 4
16 32
3 6
3 6
3 4
3 6
3 6
2 4
3 6
5 9
2 4
4 8
3 6
3 6
3 6
3 6
6 10
3 6
5 9
2 4
4 8
4 6
3 6
5 6
4 8
3 6
2 4
4 8
10 16
2 3
3 6
2 4
2 4
2 4
2 4
3 5
3 6
2 4
3 5
2 4
3 6
4 7
4 6
4 8
4 8
2 4
3 6
2 4
3 6
2 4
4 7
4 8
2 4
4 8
4 8
2 3
2 4
2 4
3 6
4 8
4 7
2 3
3 6
3 6
3 5
3 6
4 8
3 6
3 6
3 6
12 17
5 10
2 4
2 4
3 6
2 4
3 6
2 4
3 5
3 6
3 4
3 6
4 7
3 6
3 6
2 4
2 4
2 4
3 6
4 7
3 6
3 6
3 6
3 6
3 4
3 6
2 4
5 10
2 4
12 23
6 12
3 6
2 3
3 6
6 12
3 6
3 6
3 6
3 5
3 6
3 6
2 4
3 5
3 6
5 10
3 6
3 6
4 8
6 12
2 3
2 4
3 6
4 8
3 6
2 4
2 4
3 6
3 6
5 10
5 10
2 4
2 4
3 6
3 6
3 6
3 6
6 11
3 5
2 4
3 6
3 6
2 4
4 8
3 6
2 4
3 6
4 8
3 6
2 3
3 5
2 4
3 6
2 4
2 4
3 6
3 5
3 6
2 4
3 6
3 5
2 4
4 8
3 6
3 6
2 4
3 6
5 9
4 8
6 10
3 6
3 6
2 4
3 6
2 4
2 4
2 4
15 30
3 6
3 6
2 4
6 12
2 4
3 6
2 4
4 7
3 6
3 6
3 6
3 5
3 6
4 8
2 4
3 6
2 4
3 6
4 7
2 4
2 4
3 6
3 6
3 6
3 6
2 4
3 6
5 8
4 8
3 6
3 6
3 6
3 6
3 6
3 6
2 4
3 6
3 6
2 4
4 7
104 133
4 8
3 6
2 4
3 6
2 4
3 6
3 6
4 8
4 8
4 8
4 8
2 4
3 6
3 6
3 6
3 6
3 6
4 8
3 6
2 4
4 8
3 6
3 6
3 6
2 4
6 10
2 4
2 4
3 6
3 5
2 4
3 6
2 4
4 8
3 6
4 6
3 6
3 6
2 4
4 8
3 5
2 4
4 8
3 6
3 6
7 12
2 4
3 6
3 6
3 6
3 6
3 6
3 4
3 6
3 5
3 6
4 8
2 4
3 6
3 6
3 6
2 4
3 6
3 6
3 5
3 5
5 10
3 6
2 4
3 6
3 6
2 4
3 6
3 6
3 6
4 8
4 8
3 6
3 6
4 8
3 6
8 11
3 6
2 4
2 4
2 3
3 6
3 6
2 4
3 6
16 24
2 4
3 6
2 4
4 7
3 6
2 4
3 6
6 8
4 8
4 7
2 4
3 5
5 9
3 6
3 5
3 6
32 49
17 29
12 18
22 37
3 6
2 4
2 4
2 4
3 6
3 6
3 5
3 6
3 6
3 5
3 6
3 6
2 4
2 4
4 8
3 6
3 6
3 6
3 6
2 4
4 8
5 10
3 6
3 5
3 5
3 6
2 4
3 4
3 6
3 6
3 6
4 5
2 4
2 4
13 22
3 6
2 4
3 6
3 6
2 4
2 4
2 4
3 6
3 4
2 4
4 6
3 6
2 4
3 6
3 6
2 4
3 6
2 4
3 5
2 4
3 6
3 6
2 4
3 5
2 4
3 6
5 10
2 4
3 6
4 8
3 6
2 4
15 30
4 8
4 8
3 6
3 6
2 4
3 6
4 7
3 6
4 8
3 5
2 4
3 6
3 6
2 4
4 8
3 6
3 6
3 6
3 6
3 6
4 8
2 4
3 6
3 6
2 4
2 4
3 6
3 6
5 8
2 4
2 4
3 6
6 12
2 4
4 8
2 4
3 6
4 8
3 6
2 4
3 6
3 4
3 6
6 10
11 22
2 4
2 4
2 4
2 4
3 6
3 6
3 6
3 6
4 8
2 4
3 6
3 6
4 8
3 6
3 6
3 6
4 8
6 12
3 6
3 6
3 6
2 4
2 4
3 6
2 4
2 4
2 4
3 6
2 4
2 4
4 7
3 6
3 5
4 8
3 6
4 5
2 4
3 6
4 7
3 6
2 4
3 6
5 10
3 6
3 6
3 6
2 4
2 4
3 6
3 6
3 6
3 6
2 4
2 4
2 4
2 4
3 6
2 4
3 6
2 4
3 6
2 4
3 6
3 6
2 4
3 6
3 6
4 8
2 4
9 17
3 6
3 6
3 6
3 6
4 7
2 4
2 4
3 6
6 12
2 4
2 4
3 5
3 6
2 4
2 4
3 5
3 6
3 5
3 6
3 6
2 4
3 6
2 4
2 4
2 4
2 4
3 6
4 8
3 6
2 4
4 8
5 10
3 6
3 6
3 6
3 6
2 4
2 4
3 6
2 4
3 6
4 8
2 4
7 13
3 6
2 4
2 4
2 4
4 8
3 6
2 4
3 6
4 8
3 6
3 6
2 4
3 6
2 4
3 6
3 5
3 6
3 6
3 5
2 4
5 10
4 8
3 5
3 6
3 6
2 4
3 6
3 6
3 5
2 4
3 6
3 6
4 6
3 6
2 4
2 4
3 5
2 4
3 6
3 6
3 6
3 6
3 6
2 4
3 6
8 16
3 6
2 4
2 4
4 8
5 10
2 4
3 5
3 6
3 6
2 4
3 6
3 6
2 4
3 6
2 4
2 4
2 4
2 4
3 6
3 6
2 4
3 6
5 10
2 4
3 6
3 6
3 6
3 6
3 6
2 4
2 4
10 20
4 7
3 6
3 6
3 6
3 6
2 4
3 6
2 4
2 4
2 4
4 8
2 4
3 5
3 6
4 8
2 4
3 6
3 6
3 6
3 6
3 6
3 6
3 5
3 6
3 6
2 4
2 3
5 10
4 8
2 4
5 7
3 6
2 4
3 5
2 4
2 4
3 6
3 6
3 6
3 6
2 4
4 8
3 6
4 8
4 8
3 6
3 6
2 4
3 6
5 10
3 6
2 4
2 4
4 8
3 6
3 6
3 6
3 6
3 6
2 4
2 4
3 6
2 4
2 4
2 4
3 6
2 4
3 6
3 5
3 6
5 9
3 6
3 6
3 6
2 4
2 4
2 4
3 6
3 6
5 10
6 12
2 4
3 6
3 6
3 6
3 6
2 4
3 6
4 8
2 4
3 6
4 7
3 6
3 6
4 8
4 6
3 6
3 6
2 4
3 6
3 6
3 6
4 8
3 6
2 4
2 4
3 6
3 4
4 8
3 6
3 6
2 4
3 6
2 4
2 4
2 4
3 6
3 6
3 6
2 4
3 5
2 4
3 6
3 6
2 4
3 6
4 8
6 12
3 6
3 6
4 8
2 4
10 20
3 5
2 4
2 4
4 8
3 6
3 6
3 6
3 6
4 8
3 6
4 6
3 5
2 4
3 6
2 4
2 4
3 6
3 5
3 6
3 6
3 5
3 6
3 6
3 6
3 6
3 5
2 4
2 4
3 6
3 6
3 6
3 6
3 6
2 4
3 5
2 4
2 4
3 6
3 4
3 6
3 6
2 4
3 6
3 6
3 6
3 6
2 4
2 4
2 4
10 18
3 6
2 4
2 4
2 4
4 7
3 6
3 6
2 4
3 6
5 10
4 8
2 4
3 5
3 6
7 14
4 8
3 6
3 6
2 4
3 6
2 4
5 10
3 6
2 4
2 4
3 6
3 6
2 4
3 6
2 4
3 6
3 6
4 8
4 8
3 6
2 4
2 3
3 5
3 4
4 8
3 6
3 6
3 6
3 6
13 26
3 6
3 6
7 9
3 6
3 6
3 6
4 8
3 6
3 6
3 6
3 6
2 4
3 6
2 4
3 6
4 8
2 4
3 6
4 7
2 4
4 8
2 4
3 6
4 8
2 4
3 6
4 8
2 4
3 6
4 8
3 6
2 4
2 4
6 12
2 4
2 4
3 4
2 4
3 6
3 6
3 5
2 4
6 10
2 4
3 6
3 6
2 3
2 4
2 4
2 4
3 6
3 6
4 7
3 6
2 4
2 4
4 8
3 6
2 4
2 4
7 14
3 6
2 4
3 6
2 4
4 8
3 6
2 4
3 5
2 4
3 6
2 4
3 6
3 6
3 6
5 8
2 4
3 6
3 6
8 16
3 6
5 10
3 6
2 4
3 6
3 6
2 4
3 6
3 6
3 5
2 4
4 7
2 4
13 21
3 6
3 6
3 6
2 4
3 6
3 6
4 7
3 6
3 6
3 6
3 6
2 4
6 12
5 8
3 6
4 4
2 4
2 4
3 6
3 6
4 8
3 6
4 7
5 10
2 4
4 8
10 14
3 6
4 8
3 6
3 6
2 4
2 3
4 7
3 5
3 6
3 5
3 6
2 4
3 5
2 4
2 4
4 8
3 6
3 6
2 4
4 8
3 6
3 6
3 6
3 6
3 6
2 4
10 20
3 6
3 6
3 6
3 5
3 6
3 5
3 6
2 4
2 4
2 4
3 6
2 4
3 6
3 6
4 8
3 6
3 6
2 4
2 4
2 3
3 6
3 6
2 4
3 6
3 6
3 6
10 15
15 23
9 13
10 13
4 6
3 6
3 5
3 6
7 13
13 26
3 6
3 5
3 6
3 6
2 4
3 4
3 6
2 4
3 6
3 6
4 7
3 6
2 4
2 4
3 6
3 6
2 3
4 7
2 4
4 8
2 4
3 6
2 3
3 6
3 6
3 6
3 6
3 6
3 6
3 6
2 4
3 6
2 4
3 4
2 4
3 6
3 6
2 4
2 4
3 6
3 6
3 6
2 4
3 6
4 8
4 8
2 4
2 4
2 4
4 8
3 6
3 6
2 4
3 5
2 3
3 4
2 4
2 4
2 3
3 6
4 6
3 5
3 6
3 5
2 4
2 4
3 6
3 6
3 5
2 4
3 6
3 6
2 4
2 4
3 6
3 6
3 6
5 10
3 5
4 8
2 4
3 5
2 4
3 6
3 6
2 4
3 6
3 6
2 4
2 4
3 6
3 6
2 4
4 8
3 6
2 4
4 8
2 4
3 6
5 10
5 9
3 4
3 6
3 5
2 4
5 10
2 4
3 6
3 6
3 6
3 6
4 8
4 8
2 4
3 6
4 6
3 5
3 4
3 6
3 6
3 6
3 6
4 7
2 4
3 6
3 6
3 6
2 4
3 6
4 8
2 4
3 6
4 8
3 6
4 8
4 8
3 5
2 4
2 4
3 6
2 4
3 6
2 4
3 5
4 8
3 6
3 6
2 4
2 4
3 6
3 6
3 4
3 5
2 4
2 4
3 5
4 8
2 4
8 16
3 6
3 6
4 8
4 8
3 6
3 6
2 4
9 18
3 6
2 4
2 4
2 4
3 6
3 6
3 6
3 6
4 8
2 4
2 4
3 6
2 4
3 5
2 3
3 6
7 12
2 4
3 6
2 4
3 5
4 8
2 4
3 6
7 14
3 6
4 8
3 6
2 4
3 6
3 6
4 8
4 8
2 4
3 6
2 4
3 6
3 6
5 10
3 6
2 4
3 6
4 8
10 20
3 5
2 4
3 6
5 10
2 4
3 6
3 5
4 8
2 4
3 6
3 6
3 6
4 8
5 9
2 4
3 6
3 6
4 8
3 5
3 6
3 6
3 6
2 4
3 6
2 4
3 6
3 6
3 6
2 4
4 8
2 4
3 6
6 10
3 6
3 6
3 6
2 4
3 6
3 6
2 4
3 6
4 8
2 4
2 4
2 4
3 6
3 4
4 8
2 4
2 4
2 4
3 6
3 6
3 6
3 6
3 6
2 3
3 4
3 5
3 6
4 8
3 6
3 6
2 4
3 6
2 4
2 4
2 4
4 8
2 4
3 6
2 4
4 8
3 6
3 6
5 8
3 6
4 8
3 6
3 5
3 6
2 4
7 14
2 4
2 4
3 6
3 6
3 6
2 4
4 8
2 4
3 5
3 6
2 4
3 6
2 4
2 4
3 6
3 6
3 6
8 16
3 6
3 6
2 4
2 4
3 6
3 6
4 8
2 4
3 4
7 12
5 10
3 6
2 4
3 6
4 8
2 4
3 5
2 4
4 8
3 6
3 5
2 4
3 6
3 6
3 6
3 6
3 6
3 5
3 6
4 8
3 6
2 4
3 6
4 8
3 6
2 4
2 4
2 4
3 6
2 4
3 5
3 5
2 4
4 8
4 8
3 6
3 6
6 12
4 8
2 4
2 4
2 4
3 6
3 6
3 6
2 4
3 6
3 6
3 6
3 6
3 6
3 6
2 4
3 6
2 4
42 56
2 4
3 6
3 6
5 10
2 4
3 6
2 4
3 6
2 4
3 6
3 6
3 6
3 6
7 14
3 6
3 6
2 3
2 4
2 4
2 4
3 6
2 4
3 6
2 4
3 6
2 4
2 4
2 4
3 5
2 4
2 4
4 8
2 4
3 6
3 6
2 4
3 6
2 4
3 6
3 6
3 6
2 4
3 4
2 4
2 4
4 8
3 6
2 4
3 6
4 8
3 6
3 6
2 4
3 5
3 5
3 6
3 6
3 6
3 6
4 8
52 88
3 6
2 4
2 4
3 6
4 7
3 6
3 6
3 6
3 6
3 6
3 6
57 92
2 4
4 8
3 6
3 6
2 4
2 4
5 10
2 3
2 4
3 6
3 6
2 3
3 6
2 4
3 6
11 22
3 6
6 11
2 4
4 6
3 6
3 6
2 4
3 6
6 10
3 6
3 5
4 8
3 6
2 4
2 4
3 5
2 4
2 4
2 4
2 4
3 6
22 35
3 6
3 6
3 6
3 6
6 12
32 52
3 6
14 26
4 8
3 6
3 6
2 4
3 6
3 6
2 4
3 5
7 14
4 8
2 4
3 6
2 4
3 6
3 6
2 4
3 6
2 4
2 4
4 8
2 4
2 4
4 8
2 4
2 3
2 4
5 10
7 14
3 6
22 34
3 6
3 6
16 32
4 8
4 7
6 9
3 6
2 4
3 6
2 4
3 6
3 6
3 6
2 4
23 44
4 8
11 22
50 79
2 4
3 6
3 6
2 4
5 10
19 34
4 8
3 6
23 38
2 4
4 8
3 6
3 6
2 4
12 24
5 9
2 4
3 6
4 8
3 6
6 12
3 5
3 6
3 6
3 6
2 4
4 8
3 4
11 22
3 6
4 7
3 6
3 5
3 6
3 6
2 4
3 6
3 6
3 6
4 8
3 6
3 6
7 13
3 6
60 98
2 4
2 4
3 6
2 4
3 6
4 8
3 6
3 6
3 6
2 4
3 6
2 4
3 5
6 11
4 8
3 6
3 6
2 4
7 14
3 6
5 9
3 6
3 6
2 4
3 6
3 6
3 6
2 4
3 6
40 71
3 6
3 6
3 6
2 4
6 12
2 4
5 10
4 8
3 6
2 4
2 4
4 8
6 12
2 4
3 6
3 6
3 6
2 4
2 4
3 5
2 4
3 6
2 4
5 10
3 6
15 30
3 6
2 3
6 10
2 4
3 6
4 8
3 6
3 6
4 7
3 6
3 5
2 4
3 6
5 9
3 6
3 6
24 46
2 4
3 6
3 6
3 6
6 12
2 3
3 6
3 6
2 4
3 6
27 52
9 18
4 8
3 6
3 5
3 6
2 4
2 4
3 6
7 14
2 4
3 6
2 4
4 8
3 6
3 6
2 4
9 18
3 6
2 4
4 8
2 4
3 6
3 6
3 6
22 39
18 35
8 16
3 6
3 6
3 6
21 38
3 6
4 8
3 6
3 6
3 6
3 6
15 26
22 36
2 4
3 6
3 6
3 6
3 6
3 6
3 6
3 6
3 5
2 4
3 6
2 4
3 6
3 6
4 8
2 4
3 6
3 6
3 6
3 6
3 6
3 6
3 6
6 12
2 4
3 5
7 14
2 4
40 58
4 8
3 6
3 5
3 6
4 8
2 4
2 3
2 4
4 8
2 4
3 6
3 6
2 4
2 4
3 6
18 32
3 6
4 8
3 6
2 4
3 6
3 6
4 6
33 60
3 6
3 6
2 4
3 5
2 4
2 4
9 18
2 4
4 8
2 4
3 6
3 6
3 6
3 6
3 6
3 6
4 8
2 4
3 6
4 8
2 3
3 6
3 6
3 6
3 6
4 7
2 4
4 8
3 6
2 4
3 6
3 6
2 4
15 22
4 8
3 6
2 4
2 4
3 6
2 4
2 4
3 6
2 4
3 6
2 4
3 5
3 5
3 6
3 6
2 4
2 4
3 6
2 4
2 4
3 6
3 6
4 8
4 8
2 4
2 4
2 4
3 6
4 8
3 6
3 6
3 6
3 6
2 3
2 4
4 8
2 3
3 6
3 6
4 8
3 6
5 10
2 4
3 6
3 6
6 12
2 4
3 6
3 5
2 4
3 6
2 4
3 6
2 4
49 76
3 6
3 6
3 6
3 6
3 6
3 6
5 10
4 8
3 6
2 4
3 6
3 6
4 8
3 6
5 10
2 4
3 6
3 6
5 10
13 24
2 4
3 6
3 6
3 6
3 6
3 6
4 8
3 6
2 4
2 4
3 6
2 3
2 4
3 6
3 6
3 6
3 6
3 6
2 4
5 10
2 4
3 6
3 6
6 12
2 4
3 6
2 4
5 10
3 6
2 4
3 6
2 4
3 6
2 4
4 8
3 6
3 4
5 10
2 4
3 5
2 4
2 4
3 6
2 4
4 8
3 5
3 6
2 4
4 8
3 6
2 4
3 6
2 4
3 6
2 4
4 8
3 6
3 6
3 6
4 8
3 6
3 6
3 6
3 6
2 4
3 6
2 4
5 10
2 4
3 6
3 6
2 4
3 6
3 5
13 24
3 5
3 6
11 20
3 6
4 8
3 6
2 4
2 4
4 6
3 6
2 4
2 4
3 6
4 8
2 4
3 6
2 4
3 6
4 6
3 6
3 6
2 4
2 4
3 6
4 8
3 6
2 4
3 5
3 6
3 6
2 3
2 4
2 4
4 8
2 4
3 6
3 6
3 5
3 5
3 6
2 4
4 8
3 6
3 6
2 4
3 6
2 4
11 20
2 4
3 6
3 6
3 6
3 6
2 4
3 5
2 4
3 6
3 6
2 4
2 3
3 6
2 4
3 6
3 6
9 18
3 6
3 6
3 5
3 6
2 4
2 4
3 6
4 8
3 6
2 4
2 4
3 6
3 6
3 5
3 6
4 8
3 6
3 6
3 6
3 6
3 6
3 6
2 4
4 8
3 6
3 6
3 6
2 4
4 8
3 6
4 6
3 6
8 16
4 8
2 4
3 6
2 4
3 6
2 4
3 6
3 6
5 10
4 8
4 8
3 6
2 4
3 6
2 4
3 6
3 6
3 6
3 6
3 6
3 6
4 8
3 6
2 4
3 6
4 8
3 6
3 6
2 4
3 6
26 46
3 6
2 4
3 6
2 4
3 6
4 8
3 6
3 6
2 4
3 5
2 4
4 8
3 6
3 6
3 6
2 4
2 4
2 4
3 6
2 4
2 4
2 4
2 4
2 4
3 6
8 14
3 6
2 4
36 64
3 6
2 4
5 9
3 6
3 6
3 6
3 6
3 6
3 6
2 4
2 4
2 3
9 18
6 12
4 8
2 4
3 4
3 6
2 4
2 4
2 4
2 4
4 8
3 6
2 4
3 6
3 6
4 8
3 6
3 6
2 4
2 4
3 6
2 4
2 4
5 9
3 6
3 6
2 4
3 6
2 3
3 6
2 4
2 4
3 6
4 8
3 6
3 6
5 10
3 5
5 9
4 8
3 6
3 6
4 7
3 6
3 6
2 4
3 6
3 6
3 6
6 12
3 6
3 6
3 6
2 4
4 8
3 6
3 6
2 4
4 8
2 4
3 6
3 6
3 6
3 6
3 5
4 6
4 7
2 4
5 10
3 6
3 6
2 4
2 4
2 4
3 6
3 6
3 6
3 6
3 6
8 14
3 6
2 4
3 6
2 4
2 4
2 4
3 6
2 4
2 4
3 6
2 4
3 6
3 6
2 4
2 4
2 4
2 4
2 4
2 4
2 4
2 4
3 6
2 4
3 6
3 6
2 4
4 8
3 6
2 4
3 5
3 6
2 4
3 6
3 5
3 5
3 6
3 6
2 3
5 10
3 6
2 3
3 6
2 4
4 8
5 10
2 4
3 6
3 6
2 4
4 8
3 6
3 6
6 12
2 4
3 6
5 10
3 6
3 6
3 6
3 6
3 6
3 6
2 3
3 6
3 6
3 6
3 6
4 8
3 6
2 4
2 4
2 4
3 6
2 4
3 6
3 6
5 10
3 5
2 4
2 4
2 4
3 6
3 6
4 8
3 6
3 5
3 6
2 4
2 4
3 4
3 6
3 6
2 4
2 4
3 5
3 6
3 5
2 4
3 6
2 4
3 6
3 6
4 8
3 6
2 3
3 5
3 5
3 6
3 6
2 4
4 6
4 8
3 6
2 4
3 6
4 8
2 4
2 4
2 3
3 6
2 4
3 6
3 6
3 6
3 4
2 4
2 4
4 8
3 5
3 6
2 4
2 4
2 4
3 6
2 4
3 6
4 8
2 4
2 4
3 6
2 4
3 6
4 7
3 6
2 4
3 6
3 6
3 6
3 6
3 6
3 6
3 6
6 12
3 6
3 6
2 4
3 6
3 6
4 8
3 6
3 6
3 6
3 4
3 6
3 6
3 6
3 6
3 6
3 6
5 9
4 8
3 6
3 6
3 6
2 4
3 6
2 4
3 6
3 6
3 6
3 6
2 4
2 4
3 5
3 6
3 6
2 4
3 6
3 6
3 6
3 5
6 12
3 6
3 5
3 6
2 4
3 6
2 3
2 4
4 8
3 5
3 4
2 4
3 6
3 6
3 5
2 4
2 4
3 6
3 6
2 4
2 3
3 6
2 4
3 4
3 6
3 6
3 6
2 4
2 4
3 6
3 6
2 4
3 6
2 4
3 6
3 6
3 6
4 8
4 8
3 6
2 4
3 6
3 6
3 6
2 4
3 6
2 4
3 6
3 6
2 4
2 4
3 6
3 6
3 6
2 4
2 3
3 4
3 6
3 6
2 3
3 6
3 6
3 6
3 6
2 4
2 4
3 5
9 16
3 6
2 4
2 4
4 8
3 6
6 9
4 8
3 6
3 6
4 8
3 6
3 6
3 6
2 4
3 4
3 6
4 7
3 6
5 10
3 6
3 6
3 6
3 6
3 6
3 6
5 10
3 6
3 6
2 4
3 5
3 6
2 4
3 6
2 4
2 4
3 6
3 6
2 4
3 6
3 6
4 8
3 6
3 6
4 7
2 4
2 4
3 5
2 4
3 6
3 6
3 6
3 6
5 9
3 6
2 4
3 4
3 6
3 6
3 6
3 6
2 4
3 6
2 4
3 6
3 4
3 6
2 4
2 4
2 4
3 6
3 6
3 6
3 4
3 6
3 6
2 4
3 6
2 4
3 6
3 6
2 4
3 5
3 6
3 6
2 4
3 6
3 6
2 4
3 5
2 3
2 4
3 6
3 6
4 8
4 8
3 6
3 6
3 6
3 6
3 5
3 6
4 8
2 4
2 4
7 13
2 4
3 6
3 6
3 6
4 8
3 6
2 4
3 5
4 7
2 4
3 6
3 6
2 4
3 6
4 8
3 5
3 6
3 6
3 6
3 6
3 6
3 5
3 6
3 6
5 10
2 4
2 4
2 4
3 6
3 6
3 6
3 6
2 4
4 8
3 6
3 5
3 6
3 6
4 8
4 8
2 4
2 4
2 4
3 6
3 6
3 6
2 4
3 4
2 4
3 6
3 6
3 6
2 4
3 6
3 6
2 4
2 4
3 6
2 4
3 6
2 4
3 6
3 6
3 6
3 6
3 6
2 4
3 6
2 4
3 6
3 6
2 4
3 6
4 8
2 4
3 6
3 6
6 10
3 6
3 6
3 6
3 6
3 6
2 4
2 4
3 6
3 6
3 6
7 12
3 6
5 10
3 6
3 6
3 6
3 6
3 6
3 5
4 6
2 4
4 8
3 6
2 4
2 4
3 6
3 6
3 6
2 4
2 4
3 6
2 4
2 4
4 8
2 4
2 4
3 6
3 6
4 8
2 4
3 6
2 4
2 4
3 6
2 4
4 8
3 6
3 6
3 6
2 4
2 4
3 6
2 4
3 6
2 4
2 4
3 6
3 6
4 7
3 6
3 5
2 4
4 7
2 4
3 6
3 6
3 5
2 4
2 4
3 6
2 4
3 6
3 6
4 8
3 6
4 7
2 4
2 3
3 6
5 10
3 6
3 6
3 5
8 10
2 4
2 4
3 5
2 4
3 6
3 6
3 6
4 8
2 4
3 4
4 8
2 4
3 5
3 4
4 8
2 4
2 4
2 4
2 4
3 6
3 6
3 6
4 6
3 5
3 6
3 6
2 4
2 3
3 6
2 4
3 6
3 6
7 14
2 4
3 6
3 5
3 6
2 4
3 6
3 6
4 8
3 6
2 4
4 8
2 4
2 4
2 4
2 4
2 4
2 4
3 6
3 6
5 10
3 6
3 6
3 6
3 5
2 4
2 4
2 4
3 6
4 8
2 4
3 6
4 8
3 6
2 4
3 6
3 6
2 4
4 8
3 6
3 4
3 5
3 6
2 4
3 5
2 4
3 6
3 5
2 3
3 6
3 6
3 6
3 6
3 6
2 4
3 6
2 4
3 6
2 4
2 4
3 6
3 6
3 6
3 6
3 6
3 6
5 10
4 8
3 6
2 4
2 4
3 6
2 4
2 4
2 4
3 6
2 4
2 4
2 4
3 6
3 5
3 6
5 10
2 4
3 6
2 4
2 4
3 4
3 6
3 6
2 4
3 6
3 6
3 6
2 4
3 6
3 6
2 4
3 5
3 5
2 4
2 4
3 6
3 6
3 6
5 10
2 4
3 6
2 4
3 5
3 6
4 6
3 6
3 6
2 4
2 4
2 4
3 6
3 6
3 6
2 4
3 6
2 4
2 4
2 4
2 4
2 4
4 8
7 14
2 4
2 4
2 4
2 4
2 4
2 4
3 6
2 4
2 4
2 4
4 8
3 6
2 4
2 4
2 4
4 8
2 4
3 6
4 8
3 6
3 6
2 4
3 6
2 4
4 8
2 4
2 4
3 6
3 5
2 4
2 4
2 4
2 4
2 4
3 6
2 4
2 4
2 4
5 10
2 4
2 4
2 4
2 4
3 6
2 4
4 8
2 4
7 14
3 6
4 8
3 6
2 4
4 7
3 6
2 4
2 4
2 4
2 4
2 4
2 4
3 6
3 6
3 6
2 4
3 6
3 6
3 6
3 6
2 4
4 8
4 8
3 6
2 4
2 4
2 4
3 6
3 6
2 4
2 4
3 6
2 4
2 4
2 4
3 6
3 6
2 4
3 6
2 4
3 6
2 4
2 4
2 4
3 6
2 4
3 6
3 6
2 4
3 6
4 8
2 4
2 4
3 6
2 4
2 4
2 4
3 6
2 4
2 4
3 6
2 4
3 6
2 4
3 6
3 6
2 4
3 6
2 4
3 6
2 4
3 6
3 6
2 4
3 6
4 8
2 4
3 6
3 6
3 5
3 6
2 4
2 4
3 6
3 6
3 6
2 4
3 6
2 4
3 5
3 4
3 6
3 6
3 6
3 6
3 6
3 6
2 4
3 6
3 6
3 6
3 6
3 6
3 6
3 6
3 6
3 6
2 4
2 4
2 4
3 6
2 4
4 8
3 6
3 5
3 4
3 6
3 6
2 4
2 4
2 4
4 4
4 8
3 6
2 4
3 6
4 8
2 4
3 6
2 4
2 4
3 6
2 4
3 6
3 6
3 6
3 6
3 6
2 4
3 6
2 4
3 6
2 4
2 4
4 8
2 4
3 6
2 4
3 6
3 6
2 4
2 4
4 8
3 6
3 6
3 6
2 4
2 4
3 6
3 6
2 4
2 4
3 6
2 4
3 6
3 6
4 8
3 6
3 6
3 6
3 6
3 6
3 6
4 8
7 11
11 22
3 6
3 6
3 6
3 4
3 4
3 6
3 6
3 4
2 4
2 4
2 4
3 6
2 4
3 6
2 3
3 5
3 6
3 6
2 4
3 6
3 6
3 6
2 4
2 4
2 4
2 4
3 6
2 4
3 6
3 6
3 4
3 6
3 6
2 4
2 4
2 4
2 4
3 6
4 8
4 8
3 6
3 6
3 6
2 4
2 4
2 4
3 6
3 6
3 6
3 6
2 4
4 8
3 6
5 10
3 6
3 6
3 6
3 6
2 4
2 4
2 4
2 4
2 4
3 6
2 4
3 6
3 6
2 4
3 6
3 4
3 6
3 6
3 6
2 4
3 6
3 6
2 4
3 5
3 6
3 6
3 6
2 4
3 6
2 4
3 6
3 6
3 6
3 6
3 6
3 6
2 4
2 4
4 8
3 6
2 4
2 4
2 4
3 6
3 6
2 4
3 6
2 4
2 4
4 8
3 6
2 4
3 4
2 4
3 4
3 6
3 6
3 6
3 6
3 6
3 6
3 6
3 6
3 4
3 4
4 8
2 4
3 6
3 6
3 6
2 4
3 6
5 10
3 6
3 6
2 4
3 6
3 5
3 6
3 6
3 6
6 7
3 6
3 6
4 8
2 4
3 6
2 4
3 6
3 5
4 7
2 4
2 4
3 6
3 6
2 4
2 4
3 6
3 6
4 8
4 8
2 4
2 4
2 4
2 4
3 6
3 6
3 5
2 4
2 4
2 4
3 5
2 4
3 6
3 6
3 6
3 6
3 6
3 6
2 4
3 6
3 6
2 4
5 10
3 6
3 6
2 4
2 4
3 6
2 4
3 6
3 6
3 6
3 6
3 6
4 8
3 6
2 4
3 6
3 6
4 8
2 4
2 4
2 4
2 4
3 6
3 6
3 6
3 6
3 6
3 6
3 6
3 6
2 4
2 4
4 8
3 6
3 6
3 6
3 6
3 6
3 4
3 6
3 6
2 4
2 4
2 4
3 6
2 4
3 6
2 4
3 6
3 6
3 6
3 5
3 6
3 6
3 6
2 4
3 6
3 6
2 4
2 4
3 4
3 6
3 6
3 6
2 4
2 4
2 4
3 6
3 6
2 4
3 6
3 5
2 4
3 6
3 6
2 4
3 6
3 6
2 4
2 4
3 4
3 6
3 6
2 4
10 20
4 8
5 10
2 4
3 6
2 4
2 4
2 4
2 4
4 8
2 4
2 3
3 6
2 4
3 6
3 5
3 6
3 6
3 4
5 9
3 6
2 4
3 6
2 4
3 5
3 5
2 4
2 4
2 4
2 4
3 6
3 6
3 6
2 4
3 6
3 6
3 6
3 6
2 4
2 4
3 6
3 6
3 6
3 6
2 4
2 4
3 6
3 6
3 6
3 6
2 3
2 3
2 4
3 4
2 4
3 6
2 4
3 6
2 4
2 4
3 6
3 4
3 6
3 6
4 8
3 6
2 4
2 4
3 6
2 4
4 8
2 4
3 6
2 4
3 6
2 4
3 4
2 4
3 6
3 4
3 6
3 6
3 6
2 4
3 6
2 4
2 4
2 4
3 6
4 8
2 4
2 4
3 6
2 4
3 6
3 6
3 6
3 6
2 4
3 6
2 4
2 4
2 4
3 5
3 6
3 6
2 4
3 6
3 6
2 4
3 6
2 4
3 6
2 4
2 4
2 4
3 6
7 14
2 4
2 4
2 4
3 6
2 4
2 4
2 3
4 8
2 4
2 4
2 3
3 6
3 6
3 6
2 4
2 4
3 6
4 6
2 4
3 6
3 6
3 6
3 6
3 6
3 5
2 4
7 14
3 6
2 4
3 5
2 4
3 6
3 5
3 6
2 4
3 5
3 5
3 6
3 6
3 6
2 4
3 6
2 4
3 6
2 4
2 4
3 6
3 5
3 6
3 6
2 4
2 4
3 6
2 4
3 6
5 8
3 6
2 4
2 4
3 6
3 5
2 4
3 6
2 4
3 6
3 6
4 4
2 4
3 6
2 4
3 6
3 6
3 6
3 6
2 4
3 6
2 4
3 6
3 6
3 6
4 6
4 6
3 6
3 4
3 6
2 4
3 6
3 6
3 6
3 6
3 6
3 6
2 4
2 4
2 4
2 4
2 4
3 5
2 4
3 6
3 6
2 4
3 6
3 6
3 5
3 6
3 6
2 4
2 4
3 6
2 4
3 6
5 9
2 4
3 6
3 6
3 6
2 4
3 5
3 6
3 6
2 4
2 4
2 4
2 4
3 6
2 4
2 4
2 3
2 4
2 4
3 6
2 4
2 4
3 6
2 4
3 6
2 4
4 8
3 6
3 6
3 6
3 6
3 6
3 6
2 4
2 4
3 6
2 3
2 4
3 6
3 6
2 4
2 4
2 4
2 4
2 4
3 6
4 8
3 6
3 6
3 6
2 4
3 6
3 6
2 4
3 6
3 6
3 6
3 6
2 4
3 6
2 4
3 6
2 4
2 4
3 6
4 8
2 4
2 4
2 4
2 3
2 4
2 4
3 6
3 6
3 6
3 6
3 5
3 6
3 6
3 6
2 4
3 6
3 6
2 4
2 4
2 4
2 4
4 8
3 6
3 6
3 5
3 6
2 4
2 4
2 4
2 4
3 6
3 6
3 4
2 4
2 4
2 4
3 6
4 8
2 4
3 6
2 4
3 6
2 4
3 6
2 4
3 6
4 8
3 6
3 6
3 6
3 6
3 6
3 4
3 6
2 4
3 6
2 4
2 4
2 4
2 4
4 8
3 6
2 4
3 6
2 4
2 3
2 4
3 6
3 5
2 4
2 4
2 4
2 4
3 6
3 6
2 4
3 6
3 6
2 3
2 4
2 4
3 6
3 6
3 6
2 4
3 6
2 4
3 6
3 6
3 5
3 6
2 4
2 4
3 6
2 4
2 4
2 4
2 4
3 6
2 4
2 4
2 4
3 6
2 4
2 4
3 6
2 4
3 6
2 4
4 8
2 4
2 4
3 6
3 6
2 4
3 6
2 4
2 4
3 6
3 4
2 4
3 6
2 4
2 4
3 6
2 4
2 4
2 4
2 4
3 6
3 5
2 4
2 4
2 4
3 6
3 6
3 5
2 4
3 6
3 6
3 6
2 4
2 4
3 6
3 6
3 5
2 4
2 4
3 6
2 4
3 5
3 6
2 4
4 8
2 4
2 4
2 4
2 4
2 4
3 6
3 6
3 6
3 6
3 6
3 6
3 6
3 6
3 6
3 6
2 4
2 4
2 4
3 6
2 4
3 5
2 4
2 4
3 5
2 4
3 6
2 4
2 4
2 4
3 6
2 4
2 4
2 4
3 6
3 6
3 5
3 5
3 6
3 6
3 6
2 4
2 4
3 6
2 4
3 6
4 8
3 5
2 4
3 6
2 4
2 4
3 6
3 6
2 4
2 4
3 6
2 4
2 4
3 6
2 4
2 4
3 6
3 6
2 4
3 6
2 4
3 6
2 4
2 4
2 4
3 6
3 6
3 6
3 4
2 4
3 6
3 5
2 4
4 8
5 10
2 4
3 6
2 3
3 6
2 4
2 4
2 4
2 4
3 6
2 4
2 4
3 6
2 4
2 4
3 6
2 4
3 6
2 4
3 6
3 6
3 6
2 4
2 4
3 6
3 6
3 6
2 4
3 6
3 6
3 6
3 6
3 6
3 6
4 8
2 4
3 6
3 5
3 6
2 4
7 14
2 4
2 4
4 8
3 6
2 4
2 4
3 6
2 4
2 4
2 4
2 4
50 70
2 4
2 4
9 18
3 6
7 14
6 12
3 6
15 21
13 26
9 18
2 4
2 4
2 4
2 4
2 4
2 4
5 10
2 4
2 4
2 4
2 4
2 4
2 4
2 4
7 14
2 4
2 4
