1 2
567 103
3 6
5 10
2 4
7 14
3 6
3 6
2 4
4 8
3 6
4 8
2 4
3 6
3 6
5 10
5 10
6 8
2 4
4 8
3 6
2 4
3 6
10 20
9 14
3 6
3 6
10 14
2 4
3 6
2 4
4 8
2 4
5 10
2 4
3 6
2 4
2 4
8 16
6 10
2 4
2 4
5 8
7 14
5 10
2 4
4 8
3 6
2 4
10 18
2 4
3 6
3 6
4 8
4 8
3 6
3 6
2 4
2 4
2 4
20 36
3 6
12 20
4 8
9 18
3 6
2 4
3 6
4 8
4 8
2 4
3 6
18 32
3 6
4 8
48 54
2 4
10 20
4 8
3 6
6 10
3 6
2 4
5 10
197 99
2 4
3 6
2 4
3 6
3 6
5 10
9 18
2 4
15 26
4 8
4 8
2 4
2 4
589 97
4 8
2 4
2 4
31 36
4 8
15 26
2 4
2 4
2 4
18 32
3 6
2 4
2 4
2 4
2 4
2 4
2 4
2 4
2 4
4 8
6 12
2 4
12 22
5 10
2 4
95 105
7 14
2 4
2 4
130 88
3 6
39 44
2 4
2 4
3 6
6 12
2 4
6 12
3 6
11 20
2 4
3 6
2 4
2 4
2 4
2 4
2 4
2 4
3 6
2 4
2 4
2 4
23 41
63 64
3 6
3 6
2 4
13 24
9 18
4 8
3 6
37 63
2 4
2 4
21 34
2 4
57 56
2 4
2 4
21 36
4 8
2 4
3 6
2 4
3 6
2 4
3 6
2 4
2 4
16 26
3 6
3 6
31 56
2 4
18 30
4 8
18 12
4 8
2 4
2344 114
355 90
121 32
2 4
6 12
3 6
7 14
66 102
6 12
90 24
32 22
5 10
2 4
7 14
3 6
2 4
2 4
2 4
2 4
11 22
2 4
2 4
2 4
2 4
2 4
3 6
2 4
37 41
20 33
17 24
2 4
2 4
4 8
2 4
4 8
3 6
3 6
3 6
4 8
22 32
2 4
5 10
2 4
3 6
2 4
4 8
2 4
3 6
2 4
20 28
9 18
48 60
5 10
2 4
2 4
2 4
2 4
2 4
2 4
71 67
5 10
3 6
2 4
43 62
2 4
61 64
68 79
3 6
3 6
3 6
3 6
6 12
5 10
2 4
116 84
4 8
3 6
2 4
3 6
6 12
1265 107
19 17
2 4
2 4
3 6
3 6
3 6
26 40
2 4
67 53
116 66
182 103
12 24
2 4
12 24
47 61
3 6
5 10
2 4
3 6
119 74
2 4
3 6
2 4
2 4
2 4
2 4
7 14
2 4
3 6
2 4
3 6
4 8
3 6
5 10
3 6
5 10
5 10
3 6
2 4
3 6
3 6
3 6
3 6
6 12
4 8
3 6
5 10
3 6
2 4
2 4
2 4
2 4
3 6
2 4
2 4
2 4
2 4
2 4
2 4
3 6
2 4
2 4
2 4
2 4
3 6
2 4
2 4
2 4
2 4
2 4
2 4
2 4
2 4
3 6
2 4
2 4
2 4
2 4
2 4
2 4
2 4
3 6
2 4
2 4
2 4
2 4
2 4
3 6
2 4
2 4
2 4
3 6
2 4
2 4
2 4
2 4
2 4
2 4
3 6
3 6
2 4
3 6
4 8
2 4
2 4
2 4
2 4
2 4
2 4
31 36
4 8
2 4
2 4
5 10
3 6
3 6
2 4
3 6
30 50
4 8
25 18
3 6
2 4
5 10
2 4
21 20
3 6
2 4
21 34
2 4
2 4
2 4
5 10
2 4
5 10
2 4
3 6
2 4
2 4
2 4
3 6
2 4
2 4
4 8
3 6
104 84
12 24
7 14
2 4
25 30
2 4
2 4
3 6
162 122
5 8
11 22
6 12
4 8
3 6
2 4
6 12
3 6
3 6
5 10
25 44
49 36
2 4
2 4
2 4
3 6
2 4
3 6
16 26
2 4
3 6
3 6
3 6
3 6
32 49
14 22
45 65
4 8
2 4
21 34
2 4
47 53
6 12
3 4
87 64
5 10
3 6
3 6
2 4
11 22
2 4
7 14
21 36
5 10
11 22
7 14
3 6
17 26
22 41
39 54
7 14
8 10
2 4
2 4
2 4
43 24
2 4
11 18
3 6
27 32
3 6
2 4
2 4
2 4
3 6
2 4
2 4
13 20
3 6
2 4
4 8
4 8
2 4
3 6
4 8
2 4
2 4
2 4
2 4
3 6
2 4
2 4
2 4
7 12
2 4
3 6
3 6
2 4
4 8
8 14
2 4
5 10
2 4
2 4
37 48
7 14
2 4
2 4
3 6
2 4
2 4
2 4
2 4
3 6
2 4
2 4
3 6
8 14
8 16
2 4
96 82
33 43
32 38
35 39
12 18
3 6
2 4
2 4
12 24
2 4
2 4
4 8
2 4
5 8
2 4
6 10
3 6
2 4
3 6
3 6
2 4
3 6
2 4
3 6
2 4
3 6
3 6
3 6
2 4
46 42
2 4
3 6
2 4
2 4
2 4
2 4
2 4
2 4
5 10
15 28
14 18
8 16
2 4
2 4
3 6
2 4
2 4
2 4
2 4
35 61
3 6
2 4
6 12
3 6
119 86
5 10
20 36
3 6
3 6
5 10
7 14
5 10
3 6
5 10
11 20
4 8
3 6
60 44
19 36
4 8
88 95
12 22
7 14
2 4
25 44
3 6
6 10
2 4
6 12
12 22
46 45
2 4
3 6
3 6
3 6
328 97
3 6
65 64
2 4
5 10
7 12
4 8
4 8
3 6
9 14
3 6
6 12
3 6
3 6
49 36
7 14
3 6
9 18
3 6
5 10
2 4
7 14
60 87
2 4
6 12
4 8
2 4
37 48
2 4
6 12
2 4
2 4
2 4
4 8
3 6
2 4
4 6
43 63
3 6
2 4
5 10
2 4
68 34
72 66
134 110
13 26
4 8
2 4
6 12
2 4
3 6
7 14
2 4
2 4
13 24
2 4
2 4
3 6
3 6
2 4
3 6
3 6
7 14
51 28
4 8
13 26
132 81
24 34
22 34
20 36
3 6
3 6
3 6
142 119
4 6
3 6
2 4
3 6
2 4
2 4
3 6
3 6
3 6
3 6
2 4
2 4
4 8
13 22
7 14
4 8
49 27
2 4
64 76
3 6
13 22
25 31
2 4
72 86
24 36
3 6
2 4
6 12
3 6
5 10
55 32
3 6
9 16
4 8
9 18
3 6
14 28
25 40
4 8
421 87
21 38
31 52
2 4
3 6
2 4
3 6
2 4
6 12
2 4
8 16
6 12
10 20
3 6
3 6
2 4
4 8
2 4
3 6
3 6
3 6
3 6
2 4
4 8
3 6
2 4
6 12
2 4
3 6
2 4
6 12
2 4
2 4
3 6
3 6
3 6
3 6
2 4
2 4
3 6
46 57
2 4
65 32
56 36
11 16
3 6
25 40
7 12
2 4
61 68
4 8
11 16
4 8
7 12
19 26
5 10
17 24
6 12
6 12
31 43
10 10
9 18
2 4
6 12
5 10
29 36
6 12
6 12
345 101
2 4
73 60
2 4
21 30
12 20
89 70
27 26
3 6
91 40
3 6
2 4
3 6
3 6
17 26
2 4
2 4
203 104
11 16
87 93
15 26
32 42
156 113
14 28
10 18
13 20
14 23
3 6
48 54
2 4
17 30
3 6
125 69
2 4
9 16
2 4
5 8
15 22
35 47
10 20
19 22
5 10
82 71
7 13
4 8
17 22
8 14
7 14
7 14
4 8
36 42
2 4
4 8
2 4
33 50
3 6
340 115
3 6
3 6
3 6
3 6
3 6
3 6
2 4
3 6
2 4
3 6
2 4
2 4
4 8
2 4
3 6
4 8
2 4
3 6
3 6
2 4
3 6
2 4
13 26
2 4
18 22
4 8
2 4
3 6
4 8
2 4
2 4
6 12
3 6
2 4
6 10
3 6
4 8
3 6
2 4
2 4
25 36
9 18
5 10
2 4
5 10
5 10
2 4
3 6
44 64
8 16
3 6
3 6
4 8
3 6
6 12
3 6
4 8
2 4
2 4
5 8
2 4
3 6
2 4
2 4
469 94
4 8
3 6
6 12
2 4
10 18
881 118
18 24
2 4
4 8
6 12
3 6
4 8
4 8
6 10
2 4
5 10
3 6
2 4
3 6
5 10
3 6
3 6
4 8
6 12
46 34
2 4
2 4
3 6
11 22
2 4
7 10
4 8
3 6
2 4
2 4
2 4
3 6
3 6
3 6
2 4
3 6
2 4
2 4
5 10
10 18
3 6
4 8
3 6
3 6
3 6
6 12
3 6
5 10
5 10
3 6
5 8
3 6
13 22
8 12
2 4
2 4
2 4
4 8
6 12
3 6
7 14
2 4
3 6
4 6
3 6
9 18
3 6
10 18
29 40
13 24
3 6
2 4
4 8
3 6
4 8
2 4
12 12
4 8
16 24
2 4
4 8
3 6
4 8
2 4
3 6
6 12
3 6
3 6
138 45
14 26
6 12
3 6
5 10
5 8
5 10
3 6
3 6
2 4
5 10
2 4
2 4
3 6
4 8
4 8
3 6
2 4
15 28
3 6
3 6
4 8
2 4
2 4
5 10
5 10
3 6
2 4
2 4
6 12
2 4
2 4
2 4
8 12
2 4
2 4
2 4
2 4
2 4
2 4
2 4
2 4
2 4
2 4
2 4
2 4
6 12
4 6
2 4
69 40
2 4
5 10
30 39
3 6
3 6
2 4
2 4
6 12
29 32
2 4
2 4
2 4
2 4
2 4
2 4
9 18
2 4
2 4
3 6
4 8
263 125
3 6
45 46
3 4
6 12
4 8
2 4
94 94
3 6
2 4
11 20
77 90
4 8
3 6
2 4
2 4
6 12
3 6
3 6
2 4
2 4
36 22
2 4
3 6
4 8
2 4
19 36
2 4
4 8
2 4
2 4
3 6
4 8
2 4
3 6
3 6
3 6
3 6
3 6
20 28
3 6
3 6
3 6
2 4
3 6
3 6
3 6
21 40
3 6
58 82
2 4
3 6
4 6
3 6
5 10
4 8
77 36
8 16
5 10
3 6
2 4
4 8
7 12
3 6
3 6
2 4
4 8
7 14
3 6
2 4
2 4
6 12
3 4
10 20
2 4
7 12
4 6
2 4
2 4
3 6
4 8
2 4
2 4
4 8
3 6
6 12
5 10
80 81
2 4
2 4
2 4
17 26
3 6
7 14
3 6
3 6
2 4
3 6
4 6
9 18
2 4
2 4
4 8
5 10
4 8
3 4
2 4
3 6
6 12
4 8
28 33
2 4
2 4
4 6
3 6
6 12
2 4
3 6
5 10
2 4
2 4
3 6
3 6
2 4
2 4
2 4
2 4
3 6
3 6
4 8
2 4
3 6
4 8
3 6
282 109
10 18
3 6
5 10
3 6
2 4
2 4
7 12
2 4
40 62
3 6
3 6
31 34
4 8
3 6
3 6
23 46
7 14
2 4
3 6
10 18
2 4
77 73
2 4
3 6
3 6
4 8
2 4
4 6
3 6
3 6
3 6
9 14
4 8
3 6
2 4
3 6
5 10
2 4
2 4
2 4
5 10
2 4
5 10
2 4
6 12
4 8
9 18
2 4
13 18
2 4
4 8
2 4
3 6
15 30
16 30
5 10
60 52
107 77
4 8
2 4
14 28
3 6
21 28
2 4
22 34
5 10
2 4
3 6
2 4
17 32
4 8
3 6
2 4
4 8
7 14
5 10
2 4
2 4
2 4
18 22
3 6
2 4
6 12
5 10
7 14
7 14
9 18
3 6
14 28
2 4
7 14
5 10
6 12
18 34
55 46
3 6
10 18
57 64
3 6
2 4
2 4
6 12
9 18
8 16
3 6
3 6
3 6
26 46
2 4
3 6
22 40
6 12
2 4
4 8
3 6
3 6
4 8
2 4
36 53
3 6
3 6
5 10
23 28
3 6
6 12
2 4
6 12
11 22
4 8
5 10
8 16
3 6
5 10
6 10
4 8
2 4
10 20
4 8
28 30
4 6
2 4
3 6
14 26
4 8
11 20
2 4
6 12
157 28
4 8
15 18
6 12
2 4
14 28
8 16
7 14
5 10
5 10
6 10
3 6
2 4
2 4
12 22
5 10
15 30
5 10
3 6
2 4
6 12
3 6
4 8
3 6
15 26
3 6
2 4
3 6
2 4
10 20
3 6
11 20
4 8
3 6
5 10
2 4
2 4
3 6
7 14
17 32
5 10
4 8
2 4
4 8
3 6
36 28
4 8
3 6
3 6
3 6
2 4
2 4
2 4
2 4
2 4
4 8
2 4
3 6
2 4
2 4
2 4
3 6
42 62
2 4
3 6
3 6
8 16
2 4
3 6
6 12
2 4
2 4
27 34
2 4
11 20
55 62
3 6
2 4
6 10
3 6
4 8
2 4
3 6
5 8
15 26
8 13
5 10
2 4
41 58
3 6
5 10
2 4
2 4
3 6
4 8
6 12
3 6
2 4
3 4
2 4
2 4
47 57
4 6
13 22
2 4
4 8
3 6
2 4
2 4
7 14
2 4
2 4
2 4
3 6
3 6
2 4
2 4
2 4
2 4
3 6
3 6
2 4
2 4
2 4
2 4
96 85
154 118
3 6
2 4
17 22
3 6
3 6
74 70
3 6
4 8
84 79
10 18
69 59
11 22
41 44
2 4
26 38
3 6
14 22
3 6
2 4
34 41
96 88
25 40
4 8
17 18
10 10
7 12
31 14
98 86
14 25
17 24
82 93
13 22
4 7
30 27
15 20
63 62
4 8
4 8
5 10
58 46
19 22
6 12
16 30
3 6
2 4
175 89
23 28
4 8
8 16
5 10
4 7
2 4
2 4
2 4
119 72
2 4
68 59
12 22
3 6
12 20
51 61
3 6
7 14
3 6
2 4
2 4
2 4
4 8
2 4
2 4
7 10
2 4
21 30
4 8
18 24
3 6
2 4
35 49
13 18
3 6
3 6
84 76
4 8
20 30
3 6
3 6
2 4
19 21
3 6
2 4
20 24
31 34
10 20
4 8
138 129
5 8
21 18
16 28
3 4
3 6
12 20
46 70
4 8
7 14
8 16
10 18
4 8
27 42
5 10
3 6
4 8
12 16
2 4
29 45
2 4
12 14
46 72
8 14
57 80
31 27
2 4
2 4
30 47
26 27
42 42
6 10
2 4
7 14
2 4
7 14
3 6
2 4
36 36
3 6
82 69
4 8
3 6
22 36
10 20
29 26
3 6
2 4
52 59
4 8
2 4
2 4
10 18
3 6
78 72
6 12
3 6
92 93
70 68
3 6
86 83
5 10
2 4
3 6
21 28
11 20
98 70
32 50
14 24
119 80
3 6
8 16
96 66
30 34
8 11
53 17
9 12
7 14
26 46
7 13
3 6
9 15
2 4
4 8
3 6
4 8
14 14
2 4
45 51
7 12
6 12
3 6
3 6
3 6
8 16
2 4
3 6
3 6
118 76
8 16
3 6
2 4
2 4
4 8
3 6
7 10
6 12
2 4
5 10
4 8
5 8
74 79
4 8
5 10
44 56
9 18
3 6
40 38
10 20
2 4
5 10
6 12
6 12
2 4
19 38
3 6
3 6
4 8
2 4
4 6
5 10
2 4
3 6
8 16
3 6
140 64
3 6
4 8
2 4
2 4
24 38
3 6
4 8
4 8
26 20
3 6
3 6
2 4
4 8
2 4
4 8
4 8
4 8
35 66
2 4
2 4
3 6
3 6
19 30
4 8
3 6
2 4
2 4
3 6
2 4
3 6
3 6
2 4
2 4
2 4
3 4
2 4
3 6
2 4
3 6
10 20
3 6
3 6
2 4
3 6
2 4
9 18
11 16
2 4
3 6
4 8
2 4
3 6
3 6
2 4
3 6
2 4
2 4
4 8
3 6
3 6
3 6
2 4
2 4
2 4
2 4
2 4
2 4
6 12
2 4
3 6
3 6
2 4
2 4
6 12
3 6
3 6
5 6
7 14
3 6
4 8
20 32
34 36
2 4
3 6
2 4
2 4
3 6
3 6
6 10
3 6
35 51
6 12
18 30
4 8
3 6
3 6
3 6
6 12
3 6
3 6
14 28
2 4
2 4
3 6
3 4
4 8
21 30
3 6
2 4
7 14
9 16
2 4
8 16
20 28
2 4
2 4
2 4
2 4
4 8
8 16
3 6
14 26
2 4
3 6
2 4
10 18
3 6
3 6
2 4
2 4
95 70
2 4
2 4
3 6
11 18
2 4
4 8
2 4
2 4
2 4
6 10
10 20
15 30
3 6
10 18
8 14
4 8
2 4
3 6
2 4
2 4
2 4
4 8
7 14
5 10
11 22
5 10
8 16
12 24
6 12
3 6
4 8
3 6
2 4
3 6
8 14
7 12
3 6
2 4
3 6
2 4
2 4
50 64
2 4
11 20
3 6
3 6
2 4
2 4
2 4
4 8
5 10
2 4
2 4
6 12
4 8
3 6
3 6
2 4
3 6
3 6
2 4
5 6
3 6
2 4
2 4
3 6
6 12
3 6
3 6
3 6
3 6
4 8
18 30
19 38
3 6
4 8
5 10
3 6
6 12
3 6
5 10
3 6
3 6
283 46
3 6
11 22
3 6
3 6
3 6
4 8
2 4
3 6
4 6
3 6
2 4
3 6
3 6
2 4
5 10
4 8
8 16
10 20
4 6
2 4
3 6
4 8
3 6
4 8
5 10
5 10
3 6
7 14
3 6
4 8
3 6
3 6
128 82
4 8
3 6
27 36
3 6
6 12
2 4
3 6
2 4
3 6
4 8
3 6
3 6
6 10
2 4
77 102
4 8
13 20
2 4
10 18
5 10
6 10
3 6
2 4
4 8
4 8
3 6
5 10
2 4
257 83
8 12
3 6
5 8
520 96
2 4
3 6
49 54
7 14
7 12
2 4
12 22
3 6
3 6
3 6
2 4
3 6
3 4
4 8
4 6
4 8
4 8
3 6
2 4
3 6
2 4
4 8
4 8
3 6
3 6
2 4
2 4
48 30
6 10
18 18
3 6
4 6
3 6
25 42
2 4
28 50
2 4
2 4
4 8
4 8
3 6
2 4
2 4
4 8
3 6
2 4
4 8
2 4
2 4
30 22
4 8
3 6
3 4
3 6
2 4
3 6
32 55
41 54
8 16
2 4
3 6
3 6
4 8
3 6
3 6
4 8
5 8
4 8
2 4
9 18
2 4
3 6
2 4
2 4
6 10
2 4
3 6
6 10
4 8
3 6
3 6
3 6
3 6
2 4
3 6
2 4
5 10
3 6
4 8
5 10
4 8
3 4
3 6
3 6
3 6
3 4
3 6
9 18
5 10
11 22
5 10
3 6
3 6
24 40
10 16
7 14
2 4
12 24
32 26
43 48
4 6
187 115
7 14
3 6
2 4
4 8
37 53
7 14
19 29
7 14
2 4
2 4
2 4
8 10
2 4
15 22
20 28
26 46
9 16
5 10
8 16
3 6
20 38
11 20
51 67
6 12
12 21
3 6
3 6
7 14
3 6
3 6
13 20
3 6
16 18
16 30
12 14
15 26
5 10
3 6
17 20
57 82
80 70
2 4
158 117
61 64
5 10
3 6
52 56
71 84
3 6
3 6
4 8
7 14
7 6
6 10
7 14
2 4
14 26
5 10
14 24
20 30
4 8
48 70
2 4
3 5
2 4
3 5
2 4
4 8
13 23
53 96
13 20
11 22
13 24
2 4
3 6
13 23
6 10
5 10
57 64
3 6
11 20
3 6
14 22
76 60
3 6
5 10
2 4
79 79
2 4
7 14
36 36
2 4
3 6
10 20
4 8
47 50
8 8
17 14
6 12
6 12
5 10
6 12
104 103
2 4
5 10
2 4
12 21
11 16
3 6
7 14
7 14
7 14
2 4
3 6
9 18
18 22
95 74
5 10
15 24
21 34
2 4
2 4
9 18
7 14
4 8
15 30
107 92
13 24
8 16
14 24
5 10
7 12
8 14
39 48
9 16
4 8
2 4
2 4
2 4
4 8
36 50
4 8
3 6
10 18
2 4
3 6
2 4
2 4
3 6
15 16
2 4
11 20
12 22
4 6
2 4
11 16
2 4
5 10
2 4
2 4
15 24
6 12
5 10
20 38
6 12
9 16
2 4
17 32
23 36
2 4
3 6
16 22
3 6
9 12
4 8
5 10
4 8
4 8
3 4
4 8
14 26
2 4
2 4
3 6
3 6
3 6
3 6
34 54
7 12
2 4
4 6
4 8
3 4
4 6
6 12
2 4
4 8
2 4
3 6
3 6
4 8
10 18
5 10
3 4
3 6
3 6
2 4
17 34
3 6
2 4
3 6
2 4
3 6
3 6
43 64
3 6
15 28
2 4
4 8
2 4
11 20
3 4
4 8
3 6
3 6
3 6
6 10
2 4
941 101
7 14
4 8
10 20
6 12
3 6
2 4
2 4
2 4
7 8
2 4
2 4
2 4
4 8
2 4
3 6
3 6
3 6
4 6
3 6
3 6
3 6
2 4
4 6
3 6
2 4
3 6
3 4
17 26
3 6
4 8
2 4
4 8
3 6
2 4
2 4
2 4
4 6
3 4
5 10
20 34
2 4
2 4
3 6
3 6
3 6
4 8
3 6
3 6
3 6
3 6
2 4
5 10
3 6
2 4
3 6
6 12
3 6
15 26
3 6
3 6
9 18
3 6
8 16
2 4
4 8
3 4
13 22
4 8
3 6
2 4
3 6
3 6
2 4
3 6
2 4
2 4
3 6
7 12
2 4
59 44
2 4
71 93
2 4
3 6
3 6
2 4
8 12
3 4
2 4
2 4
3 6
6 12
24 28
2 4
2 4
3 6
3 6
5 10
4 8
3 6
3 6
4 8
3 6
2 4
3 6
3 6
2 4
7 14
2 4
5 10
3 6
4 8
3 6
4 8
3 6
3 6
3 6
3 6
2 4
3 6
6 10
4 8
2 4
2 4
3 6
21 40
3 4
5 10
3 6
2 4
3 6
6 12
8 14
3 6
3 6
2 4
2 4
4 8
5 10
3 6
10 20
4 8
5 10
2 4
6 12
5 10
3 6
2 4
34 26
4 8
2 4
5 8
3 6
2 4
2 4
2 4
2 4
2 4
3 6
3 6
3 6
4 6
3 6
2 4
8 16
2 4
3 6
6 12
6 12
2 4
3 6
3 6
2 4
5 8
2 4
3 6
3 6
4 8
4 8
3 6
2 4
2 4
4 8
2 4
3 4
3 6
3 6
3 4
2 4
2 4
2 4
4 8
5 10
9 16
4 8
3 6
18 28
3 6
7 14
5 10
2 4
6 12
4 8
2 4
2 4
3 6
3 6
2 4
2 4
2 2
9 18
2 4
2 4
6 12
3 6
3 6
4 8
2 4
2 4
3 4
2 4
3 6
3 6
2 4
3 6
4 8
3 6
3 6
4 8
3 6
3 6
2 4
3 6
4 8
9 18
2 4
2 4
4 8
4 8
3 6
6 12
3 6
107 81
105 50
2 4
2 4
2 4
4 8
2 4
4 8
4 6
3 6
3 6
2 4
3 6
2 4
7 14
3 6
3 6
7 14
4 8
5 10
7 14
24 42
5 10
4 8
4 6
2 4
2 4
2 4
3 6
13 22
12 24
5 10
20 30
3 6
4 8
5 10
3 6
5 10
2 4
4 8
4 8
6 12
3 6
2 4
2 4
3 6
3 6
2 4
3 6
5 8
8 14
5 10
10 20
2 4
8 16
2 4
2 4
2 4
3 6
3 6
2 4
7 14
3 6
2 4
2 4
4 8
8 16
2 4
2 4
2 4
2 4
2 4
2 4
3 6
3 6
3 6
3 6
2 4
2 4
4 8
21 30
5 10
3 6
2 4
2 4
7 14
7 14
3 6
3 6
3 6
3 6
3 6
2 4
14 26
4 8
3 6
4 8
6 12
2 4
2 4
5 10
2 4
4 8
9 18
2 4
2 4
2 4
2 4
8 16
4 8
3 6
6 10
3 6
2 4
2 4
4 8
2 4
3 6
3 6
6 12
2 4
3 6
2 4
3 6
2 4
3 6
3 6
4 8
3 6
3 6
17 34
3 6
2 4
18 34
4 8
2 4
2 4
3 6
2 4
5 10
4 8
2 4
8 16
4 8
3 6
6 10
3 6
4 8
4 8
3 6
10 20
3 6
6 10
4 8
5 8
2 4
2 4
5 10
4 8
2 4
2 4
3 6
2 4
2 4
2 4
4 8
7 14
2 4
3 6
2 4
5 10
2 4
2 4
3 6
4 8
4 6
2 4
3 6
3 6
6 12
3 6
2 4
2 4
7 14
4 8
3 6
3 6
3 6
3 6
3 6
4 8
6 12
3 6
5 10
2 4
2 4
5 10
4 8
2 4
2 4
3 6
2 4
2 4
5 10
3 6
4 8
2 4
4 8
3 6
4 8
3 6
4 8
3 6
2 4
2 4
5 10
2 4
4 8
3 6
4 8
4 8
3 6
4 8
2 4
2 4
2 4
3 6
3 6
4 8
5 10
2 4
2 4
2 4
5 10
2 4
4 8
3 6
2 4
4 8
3 6
2 4
14 26
2 4
2 4
4 8
3 6
4 6
5 10
2 4
2 4
6 10
2 4
3 6
3 6
2 4
4 6
2 4
3 6
4 8
2 4
3 6
3 4
3 6
5 10
3 6
4 8
3 6
4 8
4 8
2 4
4 8
4 8
3 6
2 4
19 34
3 6
3 6
32 44
2 4
3 6
7 14
3 6
5 10
41 55
3 6
3 6
3 6
7 14
3 6
3 6
6 8
3 6
3 6
2 4
2 4
3 6
4 8
2 4
3 6
4 8
2 4
5 10
4 6
4 8
3 4
3 6
2 4
19 28
3 6
2 4
5 8
2 4
3 6
2 4
2 4
3 6
5 10
4 8
4 8
3 6
15 26
2 4
2 4
4 8
3 6
15 22
5 10
2 4
4 8
3 4
76 92
16 30
5 10
4 8
2 4
3 6
4 8
12 18
5 10
2 4
10 20
4 8
4 8
3 6
4 8
4 6
2 4
3 6
2 4
2 4
2 4
3 6
2 4
9 18
3 6
6 10
7 14
3 6
3 6
4 8
2 4
4 8
3 6
3 6
2 4
2 4
4 8
4 8
3 6
2 4
26 37
5 10
15 20
2 4
9 18
5 8
5 8
3 6
4 6
11 22
3 4
3 6
3 6
2 4
4 8
4 6
2 4
3 6
3 6
4 6
2 4
3 6
4 6
2 4
2 4
2 4
3 6
6 12
5 10
3 6
4 8
3 6
2 4
7 14
3 6
3 6
2 4
2 4
2 4
2 4
3 6
3 6
4 8
2 4
2 4
4 6
3 6
3 6
2 4
2 4
6 10
2 4
4 8
4 8
3 6
43 20
10 20
2 4
2 4
2 4
3 6
3 6
2 4
2 4
5 10
3 6
15 16
3 6
2 4
4 6
6 12
2 4
2 4
3 6
3 6
3 6
3 6
3 6
7 14
4 8
4 8
16 22
79 90
6 12
13 20
4 7
2 4
7 12
3 6
4 8
2 4
12 20
9 16
5 10
32 31
210 103
3 6
5 10
13 22
8 14
2 4
2 4
6 12
321 79
4 8
8 12
4 8
50 58
16 26
2 4
5 10
27 45
6 12
2 4
2 4
3 6
2 4
6 11
41 48
16 20
2 4
12 16
16 24
5 10
5 10
20 26
39 18
31 46
2 4
2 4
8 8
79 70
2 4
3 6
2 4
4 8
4 6
5 10
10 20
13 22
21 32
14 22
5 8
3 6
11 18
8 16
4 8
2 4
25 28
34 30
11 20
3 4
2 4
2 4
6 12
3 6
5 10
2 4
13 24
4 8
3 6
2 4
2 4
2 4
5 10
173 75
7 12
10 16
3 4
5 10
2 4
2 4
41 70
6 12
10 20
18 24
7 14
2 4
2 4
4 8
3 6
2 4
3 6
2 4
3 6
34 53
2 4
6 12
10 20
4 8
2 4
3 6
68 93
16 18
29 38
6 12
9 16
40 44
2 4
16 30
3 6
7 14
18 20
3 6
82 30
8 16
2 4
3 6
3 6
2 4
9 18
2 4
25 40
3 6
2 4
2 4
10 20
20 38
8 16
9 14
8 14
20 36
3 6
3 6
4 8
4 8
4 8
7 14
31 42
4 7
2 4
2 4
22 40
3 6
18 22
4 8
4 8
4 8
2 4
85 86
2 4
6 12
8 16
8 16
18 22
4 8
8 16
6 12
3 6
5 10
11 15
17 24
3 6
79 97
12 21
9 14
20 29
12 14
14 28
2 4
46 42
7 11
3 6
2 4
2 4
4 8
7 14
6 12
31 40
9 18
7 14
38 36
14 28
4 8
3 6
3 6
70 78
3 6
7 14
84 73
2 4
4 6
3 6
3 6
13 16
63 58
5 10
4 8
2 4
5 10
3 6
5 10
4 8
3 5
2 4
3 6
4 8
4 6
4 8
26 42
27 46
126 119
42 62
4 8
3 6
66 75
2 4
3 6
5 10
23 32
3 6
2 4
2 4
2 4
21 42
5 10
2 4
4 8
7 14
3 6
20 24
4 8
5 10
2 4
9 18
13 26
2 4
6 10
3 6
13 26
16 18
10 18
15 24
2 4
5 10
3 6
4 8
14 14
19 24
44 73
3 5
5 9
3 6
3 6
2 4
2 4
7 12
6 6
6 8
3 6
13 20
4 8
2 4
7 6
3 6
2 4
19 30
97 78
2 4
4 8
5 10
12 12
57 76
2 4
3 6
17 24
3 6
3 6
3 6
3 6
2 4
2 4
8 16
8 16
3 6
14 22
3 6
2 4
3 6
3 6
104 58
2 4
39 22
3 6
143 90
5 10
4 8
7 14
3 6
3 6
2 4
4 8
3 6
3 6
13 24
30 28
6 12
2 4
19 20
4 8
11 18
3 6
2 4
3 6
4 8
17 26
2 4
4 8
11 16
3 6
14 26
3 6
18 28
3 6
3 6
15 30
2 4
2 4
4 8
3 6
2 4
18 23
2 4
2 4
10 20
4 8
2 4
32 50
46 54
12 24
14 26
2 4
6 12
20 33
21 34
3 6
2 3
6 10
4 8
3 6
3 6
4 6
3 6
3 6
9 16
4 8
6 12
3 6
3 6
3 6
2 4
5 10
6 12
2 4
4 8
14 18
4 8
4 8
28 40
6 12
15 28
4 8
2 4
5 10
6 12
4 6
2 4
3 6
3 6
3 6
3 6
3 6
18 32
107 74
2 4
2 4
2 4
5 10
2 4
3 6
21 28
3 6
3 6
4 8
5 10
6 12
12 18
5 9
11 18
13 18
35 58
3 6
28 37
30 32
2 4
9 16
18 32
2 4
81 70
2 4
4 8
7 14
2 4
2 4
16 30
3 6
4 8
2 4
5 10
7 14
3 6
24 30
5 10
37 60
2 4
5 8
12 21
20 32
2 4
12 22
5 10
21 42
3 6
3 6
5 10
6 12
9 18
3 6
3 6
21 40
15 25
40 43
8 12
12 12
14 24
2 4
4 8
7 14
3 6
15 26
2 4
3 6
7 10
4 7
2 4
4 8
4 7
3 5
2 4
2 4
24 40
2 4
36 44
2 4
6 12
2 4
21 21
47 54
3 5
45 66
2 4
3 6
6 12
5 10
7 14
3 6
4 6
4 8
3 6
4 8
3 6
2 4
15 24
6 8
3 6
6 12
4 8
45 54
2 4
27 35
4 8
6 11
4 8
2 4
37 33
9 18
4 6
4 8
19 34
11 16
2 4
6 12
3 6
2 4
2 4
3 6
2 4
16 32
3 6
3 6
14 22
17 22
3 6
3 6
8 16
2 4
4 8
4 8
64 76
3 6
4 8
4 8
5 10
2 4
3 6
3 6
4 8
12 19
32 27
3 6
3 6
3 6
3 6
39 44
4 8
10 16
2 4
12 20
3 6
20 32
3 6
3 6
5 10
13 22
2 4
4 8
249 125
5 10
4 8
3 6
6 11
4 8
3 6
7 14
4 8
6 12
6 12
2 4
2 4
27 52
4 7
6 12
4 8
106 109
32 48
4 8
4 8
3 5
15 22
2 4
3 6
2 4
2 4
3 6
2 4
13 17
5 10
29 34
12 24
2 4
24 32
3 6
11 20
2 4
4 8
7 10
15 26
3 5
27 37
6 12
4 8
2 4
3 6
19 21
7 13
16 26
5 10
11 10
2 4
2 4
2 4
17 28
6 10
2 4
3 6
3 6
10 20
3 6
17 20
2 4
7 14
4 8
6 12
19 28
3 6
11 18
6 12
3 6
8 16
2 4
20 38
3 6
3 6
30 34
4 8
2 4
2 4
46 65
2 4
3 6
3 6
3 6
5 10
4 7
14 14
40 54
2 4
8 16
3 6
21 30
5 10
3 6
3 6
2 4
3 6
6 10
4 7
21 24
27 30
2 4
2 4
4 8
6 12
3 6
4 6
258 113
2 4
17 30
9 18
5 8
3 6
7 14
5 10
3 6
2 4
10 20
3 6
10 20
3 6
4 8
41 42
7 13
2 4
6 10
3 6
3 6
3 6
27 28
2 4
5 10
2 4
3 6
2 4
3 6
3 6
3 6
4 7
6 12
3 6
3 6
5 10
3 6
14 16
11 22
4 8
4 8
3 5
174 118
17 28
3 6
6 12
2 4
5 10
16 18
5 10
3 6
9 18
24 32
49 26
6 12
67 44
11 16
3 6
3 6
29 44
21 28
2 4
3 6
4 8
3 6
2 4
27 32
19 34
2 4
7 14
2 4
3 6
2 4
2 4
10 16
2 4
36 36
2 4
8 15
3 6
3 6
3 6
2 4
3 6
4 6
6 12
28 45
3 6
3 6
2 4
3 6
4 8
12 18
2 4
3 6
28 38
2 4
3 6
4 8
3 6
3 6
3 6
13 26
5 10
6 12
16 30
5 10
73 61
6 12
54 49
3 6
4 8
3 6
6 12
4 8
22 27
4 8
4 8
3 6
2 4
7 12
4 8
3 6
7 14
3 6
3 6
21 36
2 4
3 6
2 4
2 4
3 6
4 8
28 48
4 8
7 14
2 4
2 4
3 6
2 4
4 8
4 8
4 8
3 6
3 6
3 6
3 6
3 6
3 6
2 4
2 4
4 8
4 8
2 4
2 4
3 6
2 4
6 12
2 4
2 4
2 4
7 14
17 32
2 4
2 4
3 6
2 4
2 4
2 4
19 29
4 8
2 4
2 4
3 6
3 6
2 4
4 8
2 4
3 6
2 4
2 4
2 4
9 18
4 8
3 6
3 6
11 22
3 6
3 6
4 8
2 4
2 4
13 24
3 6
43 40
2 4
4 8
2 4
3 6
2 4
5 10
4 8
4 8
4 8
2 4
4 8
5 10
2 4
3 6
2 4
2 4
3 6
2 4
6 12
3 6
4 8
4 8
3 6
4 8
3 6
3 6
3 6
2 4
4 8
3 6
3 6
4 8
5 10
6 10
4 8
3 6
3 6
2 4
5 10
5 10
2 4
3 6
4 8
2 4
2 4
2 4
3 6
3 6
2 4
2 4
3 6
2 4
2 4
4 7
3 6
3 6
2 4
4 8
3 6
2 4
3 6
3 6
3 6
2 4
5 10
3 6
3 6
6 12
2 4
2 4
2 4
3 6
2 4
2 4
2 4
4 8
4 8
5 10
4 8
3 6
2 4
5 10
3 6
3 6
4 8
4 8
14 28
3 6
3 6
2 4
2 4
3 6
2 4
3 6
3 6
4 8
5 10
2 4
6 12
2 4
3 6
2 4
4 8
2 4
3 6
2 4
2 4
3 6
4 8
4 8
2 4
8 16
10 20
5 10
3 6
3 6
30 36
2 4
2 4
3 6
3 6
2 4
3 6
4 8
4 8
2 4
3 6
2 4
4 8
3 6
2 4
3 6
4 8
2 4
6 12
4 8
2 4
4 8
4 8
3 6
3 6
3 6
2 4
2 4
4 8
4 8
3 6
3 6
2 4
3 6
3 6
3 6
3 6
3 6
2 4
3 6
3 6
5 10
3 6
2 4
2 4
2 4
3 6
3 6
2 4
2 4
3 6
2 4
2 4
3 6
3 6
2 4
2 4
3 6
4 8
7 14
14 26
2 4
2 4
3 6
3 6
3 6
5 8
4 8
3 6
3 6
5 10
3 6
4 8
5 8
3 6
5 8
2 4
6 10
5 8
2 4
2 4
3 6
3 6
4 8
3 6
3 6
3 6
3 6
3 6
4 8
2 4
2 4
2 4
2 4
3 6
2 4
2 4
3 6
2 4
2 4
2 4
2 4
2 4
3 6
2 4
3 6
3 6
2 4
3 6
2 4
4 8
6 12
2 4
4 8
2 4
16 30
4 8
2 4
4 8
3 6
5 10
3 6
3 6
4 8
2 4
5 10
2 4
2 4
11 18
2 4
2 4
3 6
2 4
3 6
2 4
2 4
2 4
2 4
3 6
3 6
2 4
3 6
2 4
2 4
2 4
4 8
2 4
2 4
2 4
3 6
3 6
3 6
2 4
2 4
3 6
3 6
2 4
5 10
6 12
3 6
3 6
2 4
5 10
2 4
3 6
3 6
3 6
12 24
3 6
3 6
2 4
2 4
6 12
8 14
3 6
2 4
2 4
3 6
2 4
2 4
3 6
4 6
3 6
2 4
4 8
3 6
3 6
2 4
5 10
2 4
3 6
3 6
2 4
3 6
3 6
3 6
12 20
3 6
3 6
2 4
2 4
2 4
2 4
3 6
2 4
2 4
2 4
4 8
2 4
3 6
3 6
3 6
2 4
3 6
3 6
2 4
3 6
2 4
3 6
6 12
3 6
4 8
13 24
4 8
2 4
3 6
3 6
3 6
2 4
2 4
3 6
2 4
3 6
2 4
2 4
2 4
3 6
4 8
2 4
3 6
7 14
3 6
9 18
4 8
2 4
2 4
7 12
3 6
3 6
4 8
5 10
8 16
2 4
4 8
3 6
3 6
2 4
3 6
2 4
4 8
10 20
2 4
3 6
3 6
2 4
3 6
3 6
2 4
2 4
2 4
2 4
3 6
3 6
2 4
3 6
2 4
2 4
2 4
3 6
3 6
2 4
6 12
2 4
3 6
3 6
2 4
3 6
8 16
3 6
2 4
3 6
4 8
3 6
5 10
3 6
5 10
3 6
6 12
4 8
3 6
3 6
5 10
2 4
3 6
3 6
5 10
2 4
2 4
3 6
4 8
3 6
2 4
4 8
2 4
3 6
3 6
2 4
2 4
2 4
9 18
3 6
2 4
2 4
2 4
2 4
3 6
3 6
2 4
5 10
9 18
8 14
3 6
2 4
2 4
2 4
2 4
2 4
3 6
2 4
3 6
2 4
2 4
2 4
3 6
2 4
2 4
2 4
2 4
2 4
2 4
2 4
3 6
2 4
3 6
2 4
2 4
3 6
2 4
3 6
3 6
3 6
3 6
3 6
2 4
2 4
3 6
3 6
3 6
3 6
4 8
3 6
2 4
2 4
3 6
3 6
3 6
3 6
2 4
3 6
3 4
4 8
3 6
3 6
2 4
3 6
3 6
2 4
2 4
3 6
2 4
4 8
3 6
5 10
2 4
2 4
5 10
2 4
4 8
5 10
2 4
2 4
2 4
2 4
2 4
3 6
2 4
2 4
2 4
2 4
3 6
2 4
3 6
2 4
2 4
3 6
2 4
2 4
3 6
3 6
2 4
2 4
2 4
3 6
2 4
3 6
3 6
2 4
3 6
2 4
2 4
3 6
2 4
2 4
2 4
2 4
3 6
3 6
2 4
3 6
2 4
18 28
3 6
3 6
2 4
2 4
4 8
2 4
2 4
3 6
4 8
5 10
4 8
6 10
3 6
2 4
2 4
4 8
2 4
2 4
2 4
5 10
2 4
3 6
2 4
3 6
2 4
4 8
3 6
3 6
3 6
2 4
2 4
2 4
3 6
3 6
3 6
2 4
3 6
2 4
2 4
3 6
3 6
3 6
3 6
2 4
2 4
2 4
2 4
2 4
3 6
2 4
2 4
2 4
3 6
3 6
3 6
3 6
3 6
2 4
2 4
3 6
3 6
2 4
2 4
2 4
2 4
2 4
2 4
2 4
3 6
2 4
2 4
3 6
3 6
2 4
3 6
3 6
2 4
3 6
3 6
3 6
2 4
2 4
2 4
3 6
3 6
4 8
2 4
2 4
4 8
4 8
3 6
2 4
2 4
2 4
3 6
3 6
3 6
3 5
2 4
2 4
2 4
2 4
2 4
3 6
3 6
2 4
4 8
2 4
4 8
3 6
3 6
3 6
5 10
3 4
2 4
3 6
2 4
3 6
2 4
3 6
3 6
3 6
3 6
3 6
4 8
3 6
5 10
2 4
2 4
3 6
5 10
3 6
2 4
2 4
5 10
4 8
3 6
4 6
3 6
2 4
3 6
4 8
4 8
3 6
3 6
4 8
4 8
3 6
2 4
3 6
4 8
3 6
4 8
3 6
3 6
3 6
3 6
2 4
2 4
3 6
2 4
2 4
2 4
2 4
3 6
2 4
2 4
4 8
4 8
2 4
2 4
3 4
3 6
3 6
3 6
2 4
6 10
2 4
3 6
4 8
4 8
4 6
3 6
2 4
3 6
3 6
2 4
3 6
3 6
3 6
3 6
3 6
5 10
3 6
3 6
3 6
3 4
3 6
5 10
5 6
3 6
3 6
3 6
4 8
3 6
7 12
5 10
6 12
2 4
2 4
3 6
3 6
4 8
3 6
8 16
2 4
3 6
2 4
2 4
2 4
3 6
3 6
2 4
4 8
3 6
3 6
4 8
3 6
6 12
3 6
2 4
2 4
3 6
3 4
4 8
3 6
3 4
4 8
3 6
5 10
3 6
4 6
9 16
2 4
2 4
17 26
3 6
2 4
2 4
2 4
2 4
2 4
3 6
4 8
2 4
5 10
2 4
2 4
2 4
15 16
4 8
4 6
3 6
2 4
3 6
4 8
2 4
84 68
8 16
4 6
2 4
2 4
3 6
3 6
3 6
3 6
2 4
2 4
4 8
3 6
3 6
3 6
4 6
3 6
2 4
3 6
2 4
2 4
2 4
3 6
3 6
4 8
3 6
3 6
13 24
2 4
2 4
2 4
3 6
4 6
5 10
3 6
4 8
3 6
2 4
3 6
4 8
3 6
2 4
2 4
3 6
3 6
4 8
2 4
5 10
3 6
3 6
7 12
3 6
3 6
2 4
3 6
2 4
3 6
3 6
13 21
2 4
3 6
2 4
3 6
3 6
3 6
2 4
3 6
4 8
3 4
3 6
2 4
2 4
2 4
3 6
3 6
2 4
4 6
5 10
4 6
3 6
2 4
3 6
3 6
2 4
2 4
2 4
2 4
3 6
6 10
3 6
7 14
2 4
4 8
3 6
3 6
5 8
2 4
3 6
3 6
3 6
3 6
4 8
7 12
3 6
3 6
2 2
6 12
2 4
4 8
2 4
4 8
3 6
3 6
4 8
3 6
3 6
2 4
3 6
4 8
3 4
3 6
4 8
2 4
5 8
3 6
3 6
5 10
3 6
3 6
2 4
3 6
5 8
3 6
3 6
3 6
2 4
3 6
3 6
3 6
2 4
6 12
3 6
3 6
3 6
3 6
4 8
5 10
5 6
28 40
2 4
3 6
3 6
4 8
3 6
6 12
4 8
3 6
4 8
3 6
2 4
3 6
2 4
2 4
2 4
3 6
5 10
3 6
4 8
2 4
10 20
3 6
3 6
3 6
3 6
3 6
4 8
2 4
3 6
4 8
2 4
5 8
4 8
3 6
3 6
4 8
4 8
3 6
2 4
3 6
3 6
4 8
9 18
3 6
5 10
5 10
5 10
3 6
4 8
11 22
2 4
3 6
6 12
3 6
3 6
4 8
5 8
3 6
2 4
6 10
3 6
4 6
5 10
2 4
2 4
3 6
3 6
4 8
3 6
4 8
3 6
4 8
3 6
2 4
6 12
5 10
4 8
6 10
3 4
3 6
15 26
2 4
2 4
2 4
3 6
2 4
3 6
2 4
3 6
81 72
64 74
52 42
36 58
2 4
4 6
2 4
3 6
3 6
4 8
4 8
3 6
5 10
4 8
3 6
6 12
3 6
4 8
4 8
2 4
2 4
4 8
2 4
2 4
3 6
2 4
3 6
2 4
3 6
3 6
3 6
2 4
3 6
4 8
5 10
3 6
3 6
2 4
3 6
3 6
3 6
4 8
2 4
3 6
3 6
5 10
2 4
3 6
4 8
5 8
3 6
2 4
2 4
3 6
3 6
4 6
2 4
4 6
3 6
5 10
3 6
2 4
3 6
3 6
6 10
3 6
3 6
3 4
2 4
2 4
2 4
3 6
5 8
3 6
3 6
3 6
3 6
3 6
3 6
4 8
3 6
4 8
4 8
2 4
3 6
4 8
2 4
3 6
2 4
5 10
3 6
32 32
4 8
3 6
2 4
2 4
3 6
3 6
3 6
2 4
3 6
3 6
3 6
2 4
5 10
5 10
3 6
2 4
3 6
2 4
3 6
2 4
2 4
5 10
2 4
2 4
2 4
2 4
4 8
2 4
2 4
3 6
2 4
3 6
2 4
2 4
3 6
3 6
3 6
3 6
2 4
2 4
3 6
6 10
2 4
3 6
3 6
2 4
2 4
2 4
3 6
3 6
3 6
3 6
3 6
2 4
4 8
2 4
2 4
21 30
2 4
2 4
3 6
3 6
10 20
2 4
3 6
12 24
2 4
3 6
2 4
4 8
5 10
6 12
3 6
2 4
3 6
2 4
3 6
3 6
2 4
2 4
2 4
2 4
2 4
3 6
3 6
5 8
3 6
3 6
3 6
3 6
4 8
21 28
4 8
3 6
3 6
4 8
4 8
2 4
3 6
3 6
3 6
3 6
5 8
3 6
3 6
4 6
3 6
3 6
3 6
2 4
2 4
3 6
2 4
3 6
3 6
3 6
3 6
2 4
3 6
3 6
2 4
3 6
2 4
3 4
2 4
4 8
4 8
2 4
3 6
5 10
4 6
3 6
3 6
3 6
3 6
6 10
2 4
2 4
3 6
3 4
3 6
3 6
2 4
3 6
6 10
4 8
3 6
3 6
3 6
5 10
4 8
4 6
3 6
4 8
4 8
5 10
3 6
6 12
5 10
3 6
5 10
3 6
4 8
3 6
2 4
3 6
3 6
2 4
4 8
4 6
3 6
3 6
3 6
3 6
3 6
2 4
3 6
2 4
2 4
6 12
3 6
4 6
3 4
5 10
3 6
8 14
3 6
6 6
3 6
3 6
2 4
3 6
4 8
3 6
3 4
13 24
3 6
3 6
3 6
3 6
3 6
4 8
7 10
2 4
19 34
4 8
3 4
2 4
3 6
3 6
3 6
4 6
35 56
2 4
3 6
2 4
3 6
3 6
2 4
3 6
5 8
9 16
2 4
2 4
2 4
5 10
3 6
3 6
2 4
3 6
3 6
3 6
4 8
3 6
2 4
4 8
2 4
2 4
3 6
6 12
2 4
3 6
3 6
3 6
3 6
3 6
2 4
16 26
3 6
2 4
3 6
3 6
3 6
3 6
5 10
2 4
4 8
3 6
6 10
8 12
2 4
3 6
3 6
3 6
3 6
2 4
4 8
3 4
3 6
26 24
2 4
2 4
5 8
2 4
3 6
2 4
18 30
17 32
3 6
6 12
6 10
3 6
4 8
3 6
2 4
5 10
3 6
3 6
4 8
3 6
4 8
3 6
3 6
2 4
2 4
2 4
2 4
5 10
2 4
2 4
3 4
3 6
18 32
3 6
3 6
4 8
3 4
3 6
4 8
3 6
2 4
3 6
3 6
2 4
3 6
10 20
10 20
2 4
3 6
3 6
3 6
6 12
3 6
6 12
2 4
3 6
3 6
4 6
2 4
3 4
7 12
3 6
4 8
4 6
3 6
3 6
2 4
6 10
3 6
3 6
4 8
4 8
3 6
2 4
6 10
3 6
3 6
5 10
3 6
3 4
2 4
5 10
98 54
3 6
3 4
3 6
3 6
2 4
3 6
2 4
3 6
4 8
3 6
5 8
3 6
3 6
3 4
3 6
3 6
2 4
3 6
4 8
3 6
24 36
3 6
2 4
5 10
4 6
3 6
2 4
3 6
3 6
2 4
2 4
3 6
3 6
2 4
2 4
4 8
3 6
4 6
8 14
3 6
4 8
4 8
3 6
3 6
3 6
3 6
2 4
4 6
4 8
2 4
3 4
2 4
2 4
3 6
2 4
7 10
4 8
5 10
4 6
4 6
2 4
2 4
3 6
3 6
2 4
3 6
3 6
3 6
3 6
2 4
3 6
2 4
2 4
2 4
3 6
2 4
2 4
4 8
3 6
3 6
2 4
5 10
2 4
4 8
6 12
3 4
2 4
2 4
4 8
3 6
3 6
3 6
5 8
3 6
3 6
5 10
2 4
2 4
3 6
5 10
3 6
3 6
2 4
3 6
3 6
2 4
2 4
3 6
2 4
3 6
2 4
2 4
3 6
3 6
4 8
2 4
3 6
5 8
3 6
3 6
2 4
3 6
3 6
2 4
2 4
3 6
2 4
2 4
3 6
3 4
3 6
3 6
4 8
3 6
3 6
4 8
4 8
3 6
3 6
3 6
3 6
2 4
3 6
4 8
3 6
2 4
2 4
3 6
3 6
3 6
2 4
3 6
3 6
2 4
3 6
3 6
5 8
3 6
3 6
3 6
4 6
2 4
2 4
3 4
3 6
3 6
2 4
2 4
2 4
3 6
5 8
3 6
2 4
3 6
4 8
3 6
2 4
5 10
3 6
3 6
5 10
3 6
4 8
3 6
2 4
3 6
5 10
3 6
2 4
3 6
6 8
3 4
3 6
3 6
2 4
2 4
2 4
3 6
3 6
2 4
4 8
4 8
3 6
3 6
3 6
2 4
2 4
3 6
3 6
2 4
2 4
3 6
2 4
4 8
3 6
2 4
4 6
2 4
2 4
4 8
2 4
3 6
4 8
3 6
3 4
3 6
4 8
2 4
3 6
3 6
3 6
3 6
4 8
3 6
4 8
3 6
2 4
3 6
3 6
2 4
4 8
4 8
3 6
3 6
2 4
5 10
6 12
2 4
4 8
3 6
3 6
3 6
30 50
23 38
19 30
8 15
3 6
5 10
3 6
5 10
3 6
4 8
2 4
10 20
2 4
3 6
3 6
3 6
3 6
3 6
4 6
2 4
2 4
3 6
6 8
4 8
4 8
3 6
2 4
3 6
6 12
4 8
4 8
3 6
3 6
3 6
2 4
2 4
6 8
3 6
4 6
3 6
3 6
3 6
3 6
3 6
3 6
3 6
13 24
3 6
3 6
2 4
3 6
3 6
3 4
2 4
31 42
2 4
2 4
2 4
3 6
2 4
3 6
3 6
3 6
3 6
4 8
2 4
6 10
3 6
2 4
3 6
3 6
3 6
2 4
2 4
2 4
3 6
3 6
4 6
4 8
9 18
2 4
3 6
3 6
4 8
4 6
4 8
4 8
2 4
3 6
2 4
3 4
3 6
3 4
3 6
3 6
4 8
3 4
2 4
3 6
2 4
3 6
2 4
3 6
2 4
4 8
3 6
3 4
2 4
10 20
2 4
4 8
3 6
4 8
3 6
3 6
7 12
2 4
2 4
12 18
4 8
3 6
4 6
2 4
4 8
2 4
4 8
4 6
4 8
2 4
3 6
4 8
6 12
4 6
4 8
3 6
2 4
2 4
3 6
3 6
4 6
2 4
4 8
2 4
2 4
3 6
3 6
5 8
6 12
3 6
20 21
4 8
3 6
5 8
3 6
3 6
3 6
3 6
3 6
3 6
3 6
3 6
3 6
5 10
2 4
4 8
3 6
2 4
3 6
2 4
4 8
15 20
12 20
3 6
2 4
2 4
3 6
3 6
3 4
2 4
4 8
3 6
3 6
2 4
4 8
3 6
3 6
3 6
2 4
3 6
3 6
4 6
3 6
2 4
4 8
2 4
8 14
3 6
6 12
3 6
3 6
3 6
2 4
3 6
2 4
3 6
3 6
2 4
3 6
5 10
3 6
2 4
3 4
2 4
3 6
3 6
3 6
2 4
3 6
3 6
3 6
3 6
3 6
3 6
3 6
3 6
4 8
3 6
2 4
3 6
3 6
3 6
3 6
3 6
2 4
4 8
3 6
3 6
3 6
3 6
3 6
2 4
2 4
3 6
3 6
2 4
2 4
3 6
3 6
3 6
20 30
24 38
12 18
17 26
10 18
3 6
4 8
8 16
2 4
3 6
3 6
2 4
3 6
4 6
3 6
5 10
4 8
3 6
3 6
8 14
6 12
7 14
3 6
6 10
3 6
5 10
4 8
6 12
3 6
7 14
8 16
3 6
2 4
3 6
13 20
6 10
3 6
3 6
2 4
3 6
2 4
4 8
3 6
3 6
5 10
3 6
3 6
3 6
3 6
3 6
3 6
3 6
3 6
5 10
3 6
2 4
2 4
3 6
3 6
3 6
3 6
3 6
3 6
3 6
3 6
2 4
3 6
3 6
4 8
5 8
4 6
3 6
5 8
2 4
2 4
2 4
3 6
5 8
3 6
5 6
3 6
3 4
3 6
3 6
3 6
12 16
3 6
7 14
3 6
3 6
3 6
17 26
3 6
3 6
5 10
6 12
32 48
3 5
13 22
3 6
4 8
2 4
18 30
14 28
6 10
6 8
3 6
3 6
2 4
11 18
4 7
17 31
4 7
2 4
3 6
3 6
2 4
3 6
4 8
5 9
4 8
2 4
2 4
8 16
6 12
32 54
2 4
3 6
2 4
4 8
3 5
4 8
3 6
22 42
2 4
15 24
6 12
3 6
3 6
10 18
4 8
12 22
3 6
7 14
3 5
4 8
2 4
3 6
3 6
3 5
17 18
3 6
3 6
3 6
3 6
5 10
3 6
3 6
3 6
2 4
3 6
3 6
7 12
17 20
3 6
2 4
12 24
7 11
3 5
41 43
11 20
2 4
38 50
3 6
3 6
3 6
3 6
4 8
3 6
16 18
2 4
3 5
4 8
3 6
6 12
3 6
4 8
4 8
3 6
6 12
22 32
3 6
4 8
2 4
4 8
5 10
3 6
3 6
3 6
3 6
4 8
22 16
10 18
3 6
19 27
4 8
4 8
20 26
4 8
3 6
13 23
2 4
2 4
4 8
3 6
3 6
2 4
3 6
4 7
4 8
2 4
9 12
5 10
3 6
6 8
3 6
4 8
20 38
11 18
5 10
2 4
2 4
2 4
5 10
3 6
2 4
3 6
3 6
3 6
3 6
3 6
4 8
3 6
5 10
2 4
10 18
6 12
3 6
13 24
3 6
2 4
6 11
3 6
4 8
2 4
11 22
2 4
15 28
2 4
3 6
4 8
3 6
6 12
3 6
3 6
2 4
3 6
4 8
4 8
3 6
4 8
2 4
3 6
3 5
3 6
27 33
3 6
3 6
3 6
3 6
32 40
13 22
4 7
3 6
3 6
3 6
2 4
3 6
14 26
3 6
7 12
2 4
3 6
8 10
2 4
3 6
3 6
57 90
3 6
3 6
3 6
3 6
4 8
17 18
3 6
3 6
2 4
3 6
13 22
3 6
36 58
3 6
3 6
7 12
2 4
18 18
2 4
4 8
7 14
4 8
14 14
3 6
4 8
2 4
23 39
3 6
52 62
3 6
3 6
2 4
10 18
3 6
6 12
4 8
3 6
3 4
3 6
3 6
4 8
9 16
3 6
3 6
26 46
3 6
2 4
3 6
2 4
3 6
14 14
68 66
4 7
2 4
3 6
9 14
3 6
16 18
5 10
3 6
4 8
4 8
3 5
115 87
2 4
3 6
28 28
3 6
10 20
2 4
3 6
12 20
7 14
3 6
29 35
14 16
4 8
4 8
3 6
2 4
3 6
4 7
4 8
3 6
3 6
3 5
5 8
4 8
16 16
3 6
13 22
2 4
4 8
6 12
5 10
5 10
3 6
3 6
3 6
3 6
4 8
2 4
12 14
8 16
3 6
10 19
3 6
2 4
4 8
3 6
3 6
6 12
3 6
7 10
3 6
4 8
2 4
3 6
3 6
3 6
2 4
10 20
4 8
7 13
3 6
5 10
2 4
3 6
3 6
2 4
3 6
4 6
4 8
2 4
2 4
3 6
7 14
5 9
3 6
4 8
2 4
7 14
7 10
11 20
4 8
3 6
3 6
3 6
34 40
4 8
2 4
4 8
3 6
3 6
2 4
2 4
13 26
12 24
3 6
3 6
8 16
3 6
3 6
3 6
8 12
4 8
3 6
3 6
2 4
3 6
2 4
2 4
3 5
2 4
3 6
2 4
15 30
2 4
3 6
48 50
4 6
3 6
4 8
3 6
3 6
6 10
2 4
5 10
2 4
4 7
2 4
2 4
3 5
3 6
50 45
3 6
88 80
8 14
2 4
3 6
30 43
5 8
2 4
6 12
2 4
3 6
12 17
3 6
3 6
28 46
3 6
3 6
4 8
2 4
3 6
4 8
2 4
3 6
3 6
2 4
2 4
4 8
3 6
2 4
3 6
4 8
3 6
3 6
3 6
8 10
3 6
5 10
3 6
2 4
2 4
3 6
2 4
3 6
3 6
2 4
2 4
2 4
3 6
4 8
3 6
8 16
2 4
4 8
3 6
2 4
2 4
5 10
14 16
19 36
3 6
3 6
2 4
3 6
3 6
3 6
70 59
4 8
4 8
2 4
3 6
5 10
3 6
2 4
4 8
42 53
5 10
14 18
5 10
4 8
3 6
54 60
2 4
12 23
4 8
8 14
3 6
5 7
4 8
4 8
5 9
3 6
33 56
5 10
6 12
2 4
3 6
2 4
3 6
3 6
13 14
3 6
7 14
2 4
3 6
11 18
3 4
3 6
4 8
2 4
3 6
5 10
52 58
3 6
6 8
3 6
2 4
4 6
4 8
4 8
2 4
5 10
2 4
2 4
3 6
3 6
4 8
6 12
2 4
3 6
11 17
2 4
4 8
22 24
6 12
3 6
3 6
2 4
3 6
3 6
2 4
2 4
3 6
4 7
2 4
3 5
3 6
3 6
3 6
3 6
3 6
3 6
4 8
32 47
2 4
29 42
3 6
2 4
3 6
4 8
3 6
3 6
21 30
7 13
5 9
3 6
17 20
2 4
2 4
7 14
3 6
25 42
2 4
3 6
8 16
4 6
6 12
2 4
3 4
5 10
3 6
4 8
3 6
2 4
7 13
2 4
3 6
2 4
3 6
3 6
26 32
3 6
2 4
2 4
9 18
5 10
3 6
15 20
3 6
3 6
3 4
3 6
3 6
2 4
4 8
3 6
2 4
3 5
3 6
5 8
3 6
3 6
3 6
9 8
2 4
10 20
3 6
3 6
20 26
3 6
8 16
4 8
3 6
3 5
5 10
3 6
3 6
3 6
3 6
2 4
3 6
2 4
4 8
4 8
3 6
3 6
3 6
3 6
12 15
5 10
4 8
3 6
2 4
2 4
4 8
3 6
3 6
5 4
4 8
2 4
16 18
4 8
3 5
3 6
3 6
26 24
2 4
3 6
2 4
2 4
4 8
3 6
3 6
3 6
2 4
3 6
3 6
6 12
5 8
4 8
4 8
6 12
4 8
3 6
3 6
3 6
4 8
4 8
3 4
4 8
3 6
3 6
4 8
7 14
4 8
4 8
3 6
5 10
2 4
11 18
4 8
4 6
4 8
2 4
2 4
4 8
3 6
3 6
6 12
3 6
2 4
5 10
3 6
34 28
53 60
3 6
133 110
3 6
4 7
3 6
3 6
4 8
2 4
5 10
2 4
3 6
2 4
2 4
4 7
2 4
2 4
2 4
3 6
2 4
3 6
4 8
3 6
7 12
3 6
2 4
3 6
3 6
3 6
6 12
2 4
2 4
3 6
5 10
3 6
2 4
3 6
3 6
32 44
3 6
3 6
7 14
2 4
2 4
3 6
2 4
3 6
5 10
2 4
3 6
3 6
2 4
2 4
3 6
12 22
3 6
4 8
62 59
3 6
5 10
5 10
4 8
5 10
3 6
3 6
2 4
3 6
2 4
4 8
2 4
2 4
3 5
3 6
3 6
5 10
2 4
3 6
4 7
3 6
2 4
3 6
9 16
2 4
17 28
6 10
6 10
3 6
3 6
3 6
3 6
3 6
3 4
44 66
5 8
4 8
12 18
3 6
3 6
3 6
3 6
7 14
10 16
4 8
2 4
2 4
3 6
3 6
3 6
3 6
3 6
3 6
3 6
4 8
4 8
16 18
2 4
3 5
3 6
33 48
2 4
5 10
11 17
3 6
4 8
3 5
2 4
2 4
3 6
3 5
3 6
87 56
4 6
4 8
2 4
4 8
3 6
4 8
2 4
7 14
8 14
2 4
11 20
4 6
38 55
2 4
3 6
3 6
2 4
2 4
3 6
3 6
3 6
3 6
3 6
2 4
4 8
6 10
2 4
2 4
3 6
3 6
4 8
3 6
4 6
4 6
4 8
5 8
5 8
3 6
4 8
2 4
4 8
2 4
2 4
16 30
3 6
3 4
3 6
3 6
3 6
2 4
3 6
5 10
2 4
4 8
3 6
3 6
3 6
3 6
6 12
3 6
5 8
2 4
4 8
4 6
3 6
5 10
4 8
3 6
2 4
4 6
10 20
2 4
3 6
2 4
2 4
2 4
2 4
3 6
3 6
2 4
3 6
2 4
3 6
4 6
4 8
4 6
4 8
2 4
3 6
2 4
3 6
2 4
4 6
4 8
2 4
4 8
4 8
2 4
2 4
2 4
3 6
4 6
4 8
2 4
3 6
3 6
3 6
3 6
4 8
3 6
3 6
3 6
12 22
5 10
2 4
2 4
3 6
2 4
3 6
2 4
3 6
3 6
3 6
3 6
4 6
3 6
3 6
2 4
2 4
2 4
3 6
4 8
3 6
3 6
3 6
3 6
3 6
3 6
2 4
5 10
2 4
12 22
6 12
3 6
2 4
3 6
6 12
3 6
3 6
3 6
3 4
3 6
3 6
2 4
3 6
3 6
5 10
3 6
3 6
4 8
6 12
2 4
2 4
3 6
4 8
3 6
2 4
2 4
3 6
3 6
5 10
5 10
2 4
2 4
3 6
3 6
3 6
3 6
6 10
3 4
2 4
3 6
3 6
2 4
4 8
3 6
2 4
3 6
4 8
3 6
2 4
3 6
2 4
3 6
2 4
2 4
3 6
3 6
3 6
2 4
3 6
3 6
2 4
4 8
3 6
3 6
2 4
3 6
5 6
4 8
6 10
3 6
3 6
2 4
3 6
2 4
2 4
2 4
15 30
3 6
3 6
2 4
6 12
2 4
3 6
2 4
4 6
3 6
3 6
3 6
3 6
3 6
4 8
2 4
3 6
2 4
3 6
4 8
2 4
2 4
3 6
3 6
3 6
3 6
2 4
3 6
5 10
4 8
3 6
3 6
3 6
3 6
3 6
3 6
2 4
3 6
3 6
2 4
4 6
104 108
4 8
3 6
2 4
3 6
2 4
3 6
3 6
4 8
4 8
4 8
4 8
2 4
3 6
3 6
3 6
3 6
3 6
4 8
3 6
2 4
4 8
3 6
3 6
3 6
2 4
6 10
2 4
2 4
3 6
3 6
2 4
3 6
2 4
4 8
3 6
4 8
3 6
3 6
2 4
4 8
3 6
2 4
4 8
3 4
3 6
7 14
2 4
3 6
3 6
3 6
3 6
3 6
3 6
3 6
3 6
3 6
4 8
2 4
3 6
3 6
3 6
2 4
3 6
3 6
3 4
3 4
5 10
3 6
2 4
3 6
3 6
2 4
3 6
3 6
3 6
4 8
4 8
3 6
3 6
4 8
3 6
8 10
3 6
2 4
2 4
2 4
3 6
3 6
2 4
3 6
16 28
2 4
3 6
2 4
4 8
3 6
2 4
3 6
6 12
4 8
4 6
2 4
3 6
5 6
3 6
3 6
3 6
32 38
17 30
12 20
22 38
3 6
2 4
2 4
2 4
3 6
3 6
3 6
3 6
3 6
3 6
3 6
3 6
2 4
2 4
4 8
3 6
3 6
3 6
3 6
2 4
4 8
5 10
3 6
3 6
3 6
3 6
2 4
3 6
3 6
3 6
3 6
4 6
2 4
2 4
13 22
3 6
2 4
3 6
3 6
2 4
2 4
2 4
3 6
3 6
2 4
4 8
3 6
2 4
3 6
3 6
2 4
3 6
2 4
3 6
2 4
3 6
3 6
2 4
3 6
2 4
3 6
5 8
2 4
3 6
4 8
3 6
2 4
15 30
4 6
4 8
3 6
3 6
2 4
3 6
4 6
3 6
4 8
3 6
2 4
3 6
3 6
2 4
4 8
3 6
3 6
3 6
3 6
3 6
4 8
2 4
3 6
3 6
2 4
2 4
3 6
3 6
5 10
2 4
2 4
3 6
6 8
2 4
4 8
2 4
3 6
4 8
3 6
2 4
3 6
3 6
3 6
6 12
11 18
2 4
2 4
2 4
2 4
3 6
3 6
3 6
3 6
4 8
2 4
3 6
3 6
4 8
3 6
3 6
3 6
4 8
6 12
3 6
3 6
3 6
2 4
2 4
3 6
2 4
2 4
2 4
3 6
2 4
2 4
4 6
3 6
3 6
4 8
3 6
4 6
2 4
3 6
4 8
3 6
2 4
3 6
5 10
3 6
3 6
3 6
2 4
2 4
3 6
3 6
3 6
3 6
2 4
2 4
2 4
2 4
3 6
2 4
3 6
2 4
3 6
2 4
3 6
3 6
2 4
3 6
3 6
4 8
2 4
9 16
3 6
3 6
3 6
3 6
4 8
2 4
2 4
3 6
6 10
2 4
2 4
3 6
3 6
2 4
2 4
3 6
3 6
3 4
3 6
3 6
2 4
3 6
2 4
2 4
2 4
2 4
3 4
4 8
3 6
2 4
4 8
5 10
3 6
3 6
3 6
3 4
2 4
2 4
3 6
2 4
3 6
4 6
2 4
7 10
3 6
2 4
2 4
2 4
4 8
3 6
2 4
3 6
4 8
3 6
3 6
2 4
3 6
2 4
3 6
3 6
3 6
3 6
3 6
2 4
5 10
4 8
3 6
3 6
3 6
2 4
3 6
3 4
3 6
2 4
3 6
3 6
4 8
3 6
2 4
2 4
3 6
2 4
3 6
3 6
3 6
3 6
3 6
2 4
3 6
8 16
3 4
2 4
2 4
4 8
5 10
2 4
3 6
3 6
3 6
2 4
3 6
3 6
2 4
3 4
2 4
2 4
2 4
2 4
3 6
3 6
2 4
3 6
5 10
2 4
3 6
3 6
3 6
3 6
3 6
2 4
2 4
10 16
4 8
3 6
3 6
3 6
3 6
2 4
3 6
2 4
2 4
2 4
4 8
2 4
3 6
3 6
4 8
2 4
3 6
3 6
3 6
3 6
3 6
3 6
3 6
3 6
3 6
2 4
2 4
5 10
4 8
2 4
5 8
3 6
2 4
3 6
2 4
2 4
3 6
3 6
3 6
3 6
2 4
4 6
3 6
4 8
4 8
3 4
3 6
2 4
3 6
5 10
3 6
2 4
2 4
4 8
3 6
3 4
3 6
3 6
3 6
2 4
2 4
3 6
2 4
2 4
2 4
3 6
2 4
3 6
3 6
3 6
5 10
3 6
3 6
3 6
2 4
2 4
2 4
3 6
3 6
5 10
6 12
2 4
3 6
3 6
3 6
3 6
2 4
3 6
4 8
2 4
3 6
4 8
3 6
3 6
4 8
4 8
3 6
3 4
2 4
3 6
3 6
3 6
4 8
3 6
2 4
2 4
3 6
3 6
4 8
3 6
3 6
2 4
3 6
2 4
2 4
2 4
3 6
3 6
3 6
2 4
3 6
2 4
3 6
3 6
2 4
3 6
4 8
6 12
3 6
3 6
4 8
2 4
10 20
3 6
2 4
2 4
4 8
3 6
3 6
3 6
3 6
4 8
3 6
4 8
3 6
2 4
3 6
2 4
2 4
3 6
3 6
3 6
3 6
3 6
3 6
3 6
3 6
3 6
3 6
2 4
2 4
3 6
3 6
3 6
3 6
3 6
2 4
3 6
2 4
2 4
3 6
3 6
3 6
3 6
2 4
3 6
3 6
3 6
3 6
2 4
2 4
2 4
10 18
3 6
2 4
2 4
2 4
4 6
3 6
3 6
2 4
3 6
5 10
4 8
2 4
3 6
3 6
7 14
4 8
3 6
3 6
2 4
3 6
2 4
5 10
3 6
2 4
2 4
3 6
3 6
2 4
3 6
2 4
3 6
3 6
4 8
4 8
3 6
2 4
2 4
3 6
3 6
4 6
3 6
3 6
3 6
3 6
13 26
3 6
3 6
7 12
3 6
3 4
3 6
4 8
3 6
3 6
3 6
3 6
2 4
3 6
2 4
3 6
4 8
2 4
3 6
4 8
2 4
4 8
2 4
3 6
4 8
2 4
3 6
4 6
2 4
3 6
4 6
3 6
2 4
2 4
6 12
2 4
2 4
3 6
2 4
3 6
3 6
3 6
2 4
6 12
2 4
3 6
3 6
2 4
2 4
2 4
2 4
3 6
3 6
4 8
3 6
2 4
2 4
4 8
3 6
2 4
2 4
7 14
3 4
2 4
3 6
2 4
4 8
3 6
2 4
3 6
2 4
3 6
2 4
3 6
3 6
3 6
5 10
2 4
3 6
3 6
8 16
3 6
5 10
3 6
2 4
3 6
3 6
2 4
3 6
3 6
3 6
2 4
4 8
2 4
13 22
3 6
3 6
3 6
2 4
3 6
3 4
4 6
3 6
3 4
3 6
3 6
2 4
6 12
5 10
3 6
4 8
2 4
2 4
3 6
3 6
4 8
3 6
4 6
5 10
2 4
4 8
10 16
3 6
4 8
3 4
3 6
2 4
2 4
4 8
3 6
3 6
3 6
3 6
2 4
3 4
2 4
2 4
4 8
3 6
3 6
2 4
4 8
3 4
3 6
3 6
3 6
3 4
2 4
10 20
3 6
3 6
3 6
3 6
3 6
3 6
3 6
2 4
2 4
2 4
3 6
2 4
3 6
3 6
4 8
3 6
3 6
2 4
2 4
2 4
3 6
3 6
2 4
3 6
3 6
3 6
10 16
15 24
9 16
10 14
4 8
3 6
3 6
3 6
7 12
13 26
3 6
3 4
3 6
3 6
2 4
3 6
3 6
2 4
3 4
3 6
4 8
3 6
2 4
2 4
3 6
3 4
2 4
4 6
2 4
4 6
2 4
3 6
2 4
3 6
3 6
3 6
3 6
3 6
3 6
3 6
2 4
3 6
2 4
3 6
2 4
3 6
3 6
2 4
2 4
3 4
3 6
3 6
2 4
3 6
4 8
4 8
2 4
2 4
2 4
4 8
3 6
3 6
2 4
3 4
2 4
3 6
2 4
2 4
2 4
3 6
4 6
3 6
3 6
3 6
2 4
2 4
3 6
3 6
3 6
2 4
3 6
3 6
2 4
2 4
3 6
3 6
3 6
5 10
3 6
4 8
2 4
3 6
2 4
3 6
3 6
2 4
3 6
3 6
2 4
2 4
3 6
3 6
2 4
4 7
3 6
2 4
4 8
2 4
3 6
5 10
5 10
3 6
3 6
3 6
2 4
5 10
2 4
3 6
3 6
3 6
3 6
4 6
4 8
2 4
3 6
4 8
3 6
3 6
3 6
3 6
3 6
3 6
4 6
2 4
3 6
3 6
3 6
2 4
3 6
4 8
2 4
3 6
4 8
3 6
4 8
4 8
3 4
2 4
2 4
3 6
2 4
3 6
2 4
3 6
4 8
3 6
3 6
2 4
2 4
3 6
3 6
3 6
3 4
2 4
2 4
3 6
4 8
2 4
8 16
3 6
3 6
4 8
4 8
3 6
3 6
2 4
9 18
3 6
2 4
2 4
2 4
3 6
3 6
3 6
3 6
4 6
2 4
2 4
3 6
2 4
3 6
2 4
3 6
7 14
2 4
3 6
2 4
3 6
4 8
2 4
3 6
7 14
3 6
4 8
3 6
2 4
3 6
3 6
4 8
4 8
2 4
3 6
2 4
3 6
3 6
5 8
3 6
2 4
3 6
4 8
10 20
3 6
2 4
3 6
5 8
2 4
3 6
3 6
4 8
2 4
3 6
3 6
3 6
4 8
5 6
2 4
3 6
3 6
4 8
3 6
3 6
3 6
3 6
2 4
3 6
2 4
3 6
3 6
3 6
2 4
4 8
2 4
3 6
6 12
3 6
3 6
3 6
2 4
3 6
3 6
2 4
3 6
4 8
2 4
2 4
2 4
3 6
3 6
4 8
2 4
2 4
2 4
3 6
3 6
3 6
3 6
3 6
2 4
3 4
3 6
3 6
4 8
3 6
3 6
2 4
3 4
2 4
2 4
2 4
4 8
2 4
3 6
2 4
4 8
3 6
3 6
5 8
3 6
4 8
3 6
3 4
3 6
2 4
7 14
2 4
2 4
3 6
3 6
3 6
2 4
4 8
2 4
3 6
3 6
2 4
3 6
2 4
2 4
3 6
3 6
3 6
8 16
3 6
3 6
2 4
2 4
3 6
3 6
4 8
2 4
3 6
7 14
5 10
3 6
2 4
3 6
4 8
2 4
3 6
2 4
4 6
3 6
3 6
2 4
3 6
3 6
3 6
3 6
3 6
3 4
3 6
4 8
3 6
2 4
3 6
4 8
3 6
2 4
2 4
2 4
3 6
2 4
3 6
3 4
2 4
4 8
4 8
3 6
3 6
6 12
4 8
2 4
2 4
2 4
3 6
3 6
3 6
2 4
3 6
3 6
3 6
3 6
3 6
3 6
2 4
3 6
2 4
42 40
2 4
3 6
3 6
5 10
2 4
3 6
2 4
3 6
2 4
3 6
3 6
3 4
3 6
7 14
3 6
3 6
2 4
2 4
2 4
2 4
3 6
2 4
3 6
2 4
3 6
2 4
2 4
2 4
3 6
2 4
2 4
4 8
2 4
3 6
3 6
2 4
3 6
2 4
3 6
3 6
3 6
2 4
3 6
2 4
2 4
4 8
3 6
2 4
3 6
4 8
3 6
3 6
2 4
3 6
3 6
3 6
3 6
3 6
3 6
4 8
52 67
3 6
2 4
2 4
3 6
4 8
3 6
3 6
3 6
3 6
3 6
3 6
57 76
2 4
4 8
3 6
3 6
2 4
2 4
5 10
2 4
2 4
3 6
3 6
2 4
3 6
2 4
3 6
11 20
3 6
6 12
2 4
4 8
3 6
3 6
2 4
3 6
6 12
3 6
3 6
4 8
3 6
2 4
2 4
3 6
2 4
2 4
2 4
2 4
3 6
22 36
3 6
3 6
3 6
3 6
6 12
32 33
3 6
14 18
4 8
3 6
3 6
2 4
3 6
3 6
2 4
3 6
7 12
4 8
2 4
3 6
2 4
3 6
3 6
2 4
3 6
2 4
2 4
4 8
2 4
2 4
4 7
2 4
2 4
2 4
5 10
7 14
3 6
22 31
3 6
3 6
16 24
4 8
4 8
6 10
3 6
2 4
3 6
2 4
3 6
3 6
3 6
2 4
23 36
4 8
11 22
50 50
2 4
3 6
3 6
2 4
5 10
19 30
4 8
3 6
23 33
2 4
4 8
3 5
3 6
2 4
12 22
5 10
2 4
3 6
4 8
3 6
6 8
3 6
3 6
3 6
3 6
2 4
4 8
3 6
11 22
3 5
4 8
3 6
3 6
3 6
3 6
2 4
3 6
3 6
3 6
4 8
3 6
3 6
7 13
3 6
60 56
2 4
2 4
3 6
2 4
3 6
4 8
3 6
3 6
3 6
2 4
3 5
2 4
3 6
6 12
4 8
3 6
3 6
2 4
7 14
3 6
5 10
3 6
3 5
2 4
3 6
3 6
3 6
2 4
3 6
40 52
3 6
3 6
3 6
2 4
6 10
2 4
5 10
4 7
3 6
2 4
2 4
4 8
6 12
2 4
3 6
3 6
3 5
2 4
2 4
3 6
2 4
3 6
2 4
5 10
3 6
15 26
3 6
2 4
6 12
2 4
3 6
4 8
3 6
3 6
4 8
3 6
3 6
2 4
3 6
5 10
3 6
3 6
24 22
2 4
3 6
3 6
3 6
6 12
2 4
3 6
3 6
2 4
3 6
27 36
9 16
4 8
3 5
3 6
3 6
2 4
2 4
3 6
7 12
2 4
3 6
2 4
4 6
3 6
3 6
2 4
9 18
3 6
2 4
4 8
2 4
3 6
3 6
3 6
22 32
18 26
8 14
3 6
3 6
3 6
21 26
3 6
4 8
3 6
3 6
3 5
3 6
15 18
22 20
2 4
3 6
3 6
3 6
3 6
3 6
3 6
3 6
3 6
2 4
3 6
2 4
3 5
3 6
4 8
2 4
3 6
3 6
3 6
3 6
3 6
3 6
3 6
6 12
2 4
3 6
7 14
2 4
40 38
4 8
3 6
3 6
3 6
4 8
2 4
2 4
2 4
4 8
2 4
3 6
3 6
2 4
2 4
3 6
18 30
3 6
4 8
3 6
2 4
3 6
3 6
4 8
33 34
3 6
3 6
2 4
3 6
2 4
2 4
9 16
2 4
4 8
2 4
3 6
3 6
3 6
3 6
3 6
3 6
4 8
2 4
3 5
4 8
2 4
3 6
3 6
3 6
3 6
4 8
2 4
4 8
3 4
2 4
3 6
3 6
2 4
15 18
4 8
3 6
2 4
2 4
3 6
2 4
2 4
3 6
2 4
3 6
2 4
3 6
3 5
3 6
3 6
2 4
2 4
3 6
2 4
2 4
3 6
3 6
4 8
4 8
2 4
2 4
2 4
3 6
4 8
3 6
3 6
3 6
3 6
2 4
2 4
4 8
2 4
3 6
3 6
4 8
3 6
5 9
2 4
3 6
3 6
6 12
2 4
3 6
3 6
2 4
3 6
2 4
3 5
2 4
49 52
3 6
3 6
3 6
3 6
3 6
3 6
5 10
4 8
3 6
2 4
3 6
3 6
4 8
3 6
5 10
2 4
3 6
3 6
5 10
13 18
2 4
3 6
3 6
3 6
3 6
3 6
4 7
3 4
2 4
2 4
3 6
2 4
2 4
3 6
3 6
3 6
3 6
3 6
2 4
5 8
2 4
3 6
3 6
6 12
2 4
3 6
2 4
5 10
3 6
2 4
3 6
2 4
3 6
2 4
4 8
3 6
3 6
5 10
2 4
3 6
2 4
2 3
3 6
2 4
4 8
3 6
3 6
2 4
4 8
3 6
2 4
3 5
2 4
3 6
2 4
4 8
3 6
3 6
3 6
4 8
3 6
3 6
3 6
3 6
2 4
3 6
2 4
5 9
2 4
3 6
3 6
2 4
3 6
3 5
13 24
3 6
3 6
11 14
3 6
4 8
3 6
2 4
2 4
4 8
3 6
2 4
2 4
3 6
4 8
2 4
3 6
2 4
3 6
4 8
3 6
3 6
2 4
2 4
3 6
4 8
3 6
2 4
3 6
3 6
3 6
2 4
2 4
2 4
4 8
2 4
3 6
3 6
3 6
3 6
3 6
2 4
4 8
3 6
3 6
2 4
3 6
2 4
11 15
2 4
3 6
3 6
3 6
3 6
2 4
3 6
2 4
3 6
3 6
2 4
2 4
3 6
2 4
3 6
3 6
9 16
3 6
3 6
3 6
3 6
2 4
2 4
3 6
4 8
3 6
2 4
2 4
3 6
3 6
3 6
3 6
4 8
3 6
3 6
3 6
3 6
3 6
3 6
2 4
4 8
3 6
3 5
3 6
2 4
4 8
3 6
4 6
3 6
8 16
4 8
2 4
3 6
2 4
3 6
2 4
3 6
3 6
5 10
4 8
4 8
3 6
2 4
3 6
2 4
3 6
3 6
3 6
3 6
3 6
3 6
4 8
3 6
2 4
3 6
4 8
3 6
3 4
2 4
3 5
26 40
3 6
2 4
3 6
2 4
3 6
4 7
3 6
3 6
2 4
3 6
2 3
4 8
3 6
3 6
3 6
2 4
2 4
2 4
3 6
2 4
2 4
2 4
2 4
2 4
3 6
8 16
3 6
2 4
36 50
3 6
2 4
5 10
3 6
3 6
3 6
3 6
3 6
3 6
2 4
2 2
2 4
9 15
6 10
4 8
2 4
3 6
3 6
2 4
2 4
2 4
2 4
4 6
3 6
2 4
3 6
3 6
4 6
3 6
3 6
2 4
2 4
3 6
2 4
2 4
5 10
3 6
3 6
2 4
3 4
2 4
3 6
2 4
2 4
3 5
4 8
3 6
3 6
5 10
3 6
5 10
4 8
3 6
3 6
4 8
3 6
3 6
2 4
3 5
3 6
3 6
6 12
3 6
3 6
3 6
2 4
4 6
3 6
3 6
2 4
4 8
2 4
3 6
3 6
3 6
3 6
3 6
4 8
4 8
2 4
5 10
3 6
3 6
2 4
2 4
2 4
3 6
3 6
3 6
3 6
3 6
8 16
3 6
2 4
3 6
2 4
2 4
2 4
3 6
2 4
2 4
3 6
2 4
3 6
3 6
2 4
2 4
2 4
2 4
2 4
2 4
2 4
2 4
3 6
2 4
3 6
3 6
2 4
4 8
3 6
2 4
3 4
3 6
2 4
3 6
3 6
3 6
3 6
3 6
2 4
5 10
3 6
2 4
3 6
2 4
4 8
5 10
2 4
3 6
3 6
2 4
4 8
3 6
3 6
6 12
2 4
3 6
5 10
3 6
3 6
3 6
3 6
3 6
3 6
2 4
3 6
3 6
3 4
3 6
4 8
3 6
2 4
2 4
2 4
3 6
2 4
3 6
3 6
5 10
3 6
2 4
2 4
2 4
3 6
3 6
4 8
3 6
3 6
3 6
2 4
2 4
3 6
3 6
3 6
2 4
2 4
3 6
3 6
3 6
2 4
3 6
2 4
3 6
3 6
4 8
3 6
2 4
3 6
3 6
3 6
3 6
2 4
4 8
4 8
3 6
2 4
3 6
4 8
2 4
2 4
2 4
3 6
2 4
3 6
3 6
3 6
3 6
2 4
2 4
4 8
3 6
3 4
2 4
2 4
2 4
3 6
2 4
3 6
4 8
2 4
2 4
3 6
2 4
3 6
4 8
3 6
2 4
3 6
3 6
3 6
3 6
3 6
3 6
3 6
6 9
3 6
3 6
2 4
3 6
3 6
4 8
3 6
3 6
3 6
3 6
3 6
3 6
3 6
3 6
3 6
3 6
5 8
4 6
3 6
3 6
3 6
2 4
3 6
2 4
3 6
3 4
3 6
3 6
2 4
2 4
3 6
3 6
3 6
2 4
3 6
3 6
3 6
3 6
6 12
3 6
3 6
3 6
2 4
3 6
2 4
2 4
4 8
3 4
3 6
2 4
3 6
3 6
3 4
2 4
2 4
3 6
3 6
2 4
2 4
3 6
2 4
3 6
3 6
3 6
3 6
2 4
2 4
3 6
3 6
2 4
3 6
2 4
3 6
3 6
3 6
4 8
4 8
3 6
2 4
3 6
3 6
3 6
2 4
3 6
2 4
3 6
3 6
2 4
2 4
3 6
3 6
3 6
2 4
2 4
3 6
3 6
3 6
2 4
3 6
3 6
3 6
3 6
2 4
2 4
3 6
9 17
3 6
2 4
2 4
4 8
3 6
6 10
4 8
3 6
3 6
4 8
3 6
3 6
3 6
2 4
3 6
3 6
4 6
3 6
5 10
3 6
3 6
3 6
3 6
3 6
3 6
5 10
3 6
3 6
2 4
3 6
3 6
2 4
3 6
2 4
2 4
3 6
3 6
2 4
3 6
3 6
4 8
3 6
3 6
4 6
2 4
2 4
3 6
2 4
3 6
3 6
3 6
3 6
5 8
3 6
2 4
3 6
3 6
3 6
3 6
3 6
2 4
3 6
2 4
3 6
3 6
3 6
2 4
2 4
2 4
3 6
3 6
3 6
3 6
3 6
3 6
2 4
3 6
2 4
3 6
3 6
2 4
3 4
3 6
3 6
2 4
3 6
3 6
2 4
3 6
2 4
2 4
3 6
3 6
4 8
4 6
3 6
3 6
3 6
3 6
3 6
3 6
4 6
2 4
2 4
7 12
2 4
3 6
3 6
3 6
4 8
3 6
2 4
3 6
4 8
2 4
3 6
3 6
2 4
3 6
4 8
3 6
3 6
3 6
3 6
3 6
3 6
3 6
3 6
3 6
5 10
2 4
2 4
2 4
3 6
3 6
3 6
3 6
2 4
4 8
3 6
3 4
3 6
3 6
4 8
4 8
2 4
2 4
2 4
3 6
3 6
3 6
2 4
3 6
2 4
3 6
3 6
3 6
2 4
3 6
3 6
2 4
2 4
3 6
2 4
3 6
2 4
3 6
3 6
3 6
3 6
3 6
2 4
3 6
2 4
3 6
3 6
2 4
3 6
4 8
2 4
3 6
3 6
6 10
3 6
3 6
3 6
3 6
3 6
2 4
2 4
3 6
3 6
3 6
7 12
3 6
5 10
3 6
3 6
3 6
3 6
3 6
3 4
4 8
2 4
4 8
3 6
2 4
2 4
3 6
3 6
3 6
2 4
2 4
3 6
2 4
2 4
4 8
2 4
2 4
3 6
3 4
4 8
2 4
3 6
2 4
2 4
3 6
2 4
4 8
3 6
3 6
3 6
2 4
2 4
3 6
2 4
3 6
2 4
2 4
3 6
3 6
4 6
3 6
3 4
2 4
4 6
2 4
3 6
3 6
3 4
2 4
2 4
3 6
2 4
3 6
3 4
4 8
3 6
4 6
2 4
2 4
3 6
5 10
3 6
3 6
3 6
8 12
2 4
2 4
3 6
2 4
3 6
3 6
3 6
4 8
2 4
3 6
4 8
2 4
3 4
3 6
4 8
2 4
2 4
2 4
2 4
3 6
3 6
3 6
4 8
3 6
3 6
3 6
2 4
2 4
3 6
2 4
3 6
3 6
7 14
2 4
3 6
3 6
3 6
2 4
3 6
3 6
4 8
3 6
2 4
4 8
2 4
2 4
2 4
2 4
2 4
2 4
3 6
3 6
5 8
3 6
3 6
3 6
3 6
2 4
2 4
2 4
3 6
4 8
2 4
3 6
4 8
3 6
2 4
3 6
3 6
2 4
4 8
3 6
3 6
3 6
3 6
2 4
3 6
2 4
3 6
3 4
2 4
3 6
3 6
3 6
3 6
3 6
2 4
3 6
2 4
3 6
2 4
2 4
3 6
3 6
3 6
3 6
3 6
3 6
5 10
4 8
3 6
2 4
2 4
3 4
2 4
2 4
2 4
3 6
2 4
2 4
2 4
3 6
3 6
3 6
5 10
2 4
3 6
2 4
2 4
3 6
3 6
3 6
2 4
3 6
3 6
3 6
2 4
3 6
3 6
2 4
3 6
3 6
2 4
2 4
3 6
3 6
3 6
5 10
2 4
3 6
2 4
3 6
3 6
4 6
3 6
3 6
2 4
2 4
2 4
3 6
3 6
3 6
2 4
3 6
2 4
2 4
2 4
2 4
2 4
4 8
7 14
2 4
2 4
2 4
2 4
2 4
2 4
3 6
2 4
2 4
2 4
4 8
3 6
2 4
2 4
2 4
4 6
2 4
3 6
4 8
3 6
3 6
2 4
3 6
2 4
4 8
2 4
2 4
3 6
3 6
2 4
2 4
2 4
2 4
2 4
3 6
2 4
2 4
2 4
5 10
2 4
2 4
2 4
2 4
3 6
2 4
4 8
2 4
7 14
3 6
4 6
3 6
2 3
4 8
3 6
2 4
2 4
2 4
2 4
2 4
2 4
3 6
3 6
3 6
2 4
3 6
3 6
3 6
3 6
2 4
4 8
4 8
3 6
2 4
2 4
2 4
3 6
3 6
2 4
2 4
3 6
2 4
2 4
2 4
3 6
3 6
2 4
3 6
2 4
3 6
2 4
2 4
2 4
3 6
2 4
3 6
3 6
2 4
3 6
4 8
2 4
2 4
3 6
2 4
2 4
2 4
3 6
2 4
2 4
3 6
2 4
3 6
2 4
3 6
3 6
2 4
3 6
2 4
3 6
2 4
3 6
3 6
2 4
3 6
4 8
2 4
3 6
3 6
3 6
3 6
2 4
2 4
3 6
3 6
3 6
2 4
3 6
2 4
3 4
3 6
3 6
3 6
3 6
3 6
3 6
3 6
2 4
3 6
3 6
3 6
3 6
3 6
3 6
3 6
3 6
3 6
2 4
2 4
2 4
3 6
2 4
4 8
3 6
3 4
3 6
3 6
3 6
2 4
2 4
2 4
4 8
4 8
3 6
2 4
3 6
4 8
2 4
3 6
2 4
2 4
3 6
2 4
3 6
3 6
3 6
3 6
3 6
2 4
3 4
2 4
3 6
2 4
2 4
4 8
2 4
3 6
2 4
3 6
3 6
2 4
2 4
4 8
3 6
3 6
3 6
2 4
2 4
3 6
3 4
2 4
2 4
3 6
2 4
3 6
3 6
4 8
3 6
3 6
3 6
3 6
3 6
3 6
4 6
7 12
11 18
3 6
3 6
3 6
3 6
3 6
3 6
3 6
3 6
2 4
2 4
2 4
3 6
2 4
3 6
2 4
3 6
3 6
3 6
2 4
3 6
3 6
3 6
2 4
2 4
2 4
2 4
3 6
2 4
3 6
3 6
3 6
3 6
3 6
2 4
2 4
2 4
2 4
3 6
4 8
4 8
3 6
3 6
3 6
2 4
2 4
2 4
3 6
3 6
3 6
3 6
2 4
4 8
3 6
5 10
3 6
3 6
3 6
3 6
2 4
2 4
2 4
2 4
2 4
3 6
2 4
3 6
3 6
2 4
3 6
3 6
3 6
3 6
3 6
2 4
3 6
3 6
2 4
3 6
3 6
3 6
3 6
2 4
3 6
2 4
3 6
3 6
3 6
3 6
3 6
3 6
2 4
2 4
4 8
3 6
2 4
2 4
2 4
3 6
3 6
2 4
3 6
2 4
2 4
4 8
3 6
2 4
3 6
2 4
3 6
3 6
3 6
3 6
3 6
3 6
3 6
3 6
3 6
3 6
3 6
4 8
2 4
3 6
3 6
3 6
2 4
3 6
5 10
3 6
3 6
2 4
3 6
3 4
3 6
3 6
3 6
6 10
3 6
3 6
4 8
2 4
3 6
2 4
3 6
3 4
4 6
2 4
2 4
3 6
3 6
2 4
2 4
3 6
3 6
4 8
4 8
2 4
2 4
2 4
2 4
3 6
3 6
3 6
2 4
2 4
2 4
3 6
2 4
3 6
3 6
3 6
3 6
3 6
3 6
2 4
3 6
3 6
2 4
5 10
3 6
3 6
2 4
2 4
3 6
2 4
3 6
3 6
3 6
3 6
3 6
4 8
3 6
2 4
3 6
3 6
4 8
2 4
2 4
2 4
2 4
3 6
3 6
3 6
3 6
3 6
3 6
3 6
3 6
2 4
2 4
4 8
3 6
3 6
3 6
3 6
3 6
3 6
3 6
3 6
2 4
2 4
2 4
3 6
2 4
3 6
2 4
3 6
3 6
3 6
3 4
3 6
3 6
3 6
2 4
3 6
3 6
2 4
2 4
3 6
3 6
3 6
3 6
2 4
2 4
2 4
3 6
3 4
2 4
3 6
3 4
2 4
3 6
3 6
2 4
3 6
3 6
2 4
2 4
3 6
3 6
3 6
2 4
10 20
4 8
5 10
2 4
3 6
2 4
2 4
2 4
2 4
4 6
2 4
2 4
3 6
2 4
3 6
3 6
3 6
3 6
3 6
5 10
3 6
2 4
3 6
2 4
3 6
3 4
2 4
2 4
2 4
2 4
3 6
3 6
3 6
2 4
3 4
3 6
3 6
3 6
2 4
2 4
3 6
3 6
3 6
3 6
2 4
2 4
3 6
3 6
3 6
3 6
2 4
2 4
2 4
3 6
2 4
3 6
2 4
3 6
2 4
2 4
3 6
3 6
3 6
3 6
4 6
3 6
2 4
2 4
3 6
2 4
4 8
2 4
3 6
2 4
3 6
2 4
3 6
2 4
3 6
3 6
3 6
3 6
3 6
2 4
3 6
2 4
2 4
2 4
3 6
4 8
2 4
2 4
3 6
2 4
3 6
3 6
3 6
3 6
2 4
3 4
2 4
2 4
2 4
3 6
3 6
3 6
2 4
3 6
3 6
2 4
3 6
2 4
3 6
2 4
2 4
2 4
3 6
7 14
2 4
2 4
2 4
3 6
2 4
2 4
2 4
4 8
2 4
2 4
2 4
3 6
3 6
3 6
2 4
2 4
3 6
4 8
2 4
3 6
3 6
3 6
3 6
3 6
3 6
2 4
7 14
3 6
2 4
3 6
2 4
3 6
3 4
3 6
2 4
3 4
3 4
3 6
3 6
3 6
2 4
3 6
2 4
3 6
2 4
2 4
3 6
3 6
3 6
3 6
2 4
2 4
3 6
2 4
3 6
5 10
3 6
2 4
2 4
3 6
3 6
2 4
3 4
2 4
3 6
3 6
4 8
2 4
3 6
2 4
3 6
3 6
3 6
3 6
2 4
3 6
2 4
3 6
3 6
3 4
4 8
4 6
3 6
3 6
3 6
2 4
3 6
3 6
3 6
3 6
3 6
3 6
2 4
2 4
2 4
2 4
2 4
3 6
2 4
3 4
3 6
2 4
3 6
3 6
3 6
3 6
3 6
2 4
2 4
3 6
2 4
3 6
5 8
2 4
3 6
3 6
3 6
2 4
3 6
3 6
3 6
2 4
2 4
2 4
2 4
3 6
2 4
2 4
2 4
2 4
2 4
3 4
2 4
2 4
3 6
2 4
3 6
2 4
4 8
3 6
3 6
3 6
3 6
3 6
3 6
2 4
2 4
3 6
2 4
2 4
3 6
3 6
2 4
2 4
2 4
2 4
2 4
3 6
4 8
3 6
3 6
3 6
2 4
3 6
3 6
2 4
3 6
3 6
3 6
3 6
2 4
3 4
2 4
3 6
2 4
2 4
3 6
4 8
2 4
2 4
2 4
2 4
2 4
2 4
3 6
3 6
3 6
3 6
3 6
3 6
3 6
3 6
2 4
3 6
3 6
2 4
2 4
2 4
2 4
4 8
3 6
3 6
3 6
3 6
2 4
2 4
2 4
2 4
3 6
3 6
3 6
2 4
2 4
2 4
3 6
4 8
2 4
3 6
2 4
3 6
2 4
3 6
2 4
3 6
4 8
3 6
3 6
3 6
3 6
3 6
3 6
3 6
2 4
3 6
2 4
2 4
2 4
2 4
4 8
3 6
2 4
3 6
2 4
2 4
2 4
3 4
3 4
2 4
2 4
2 4
2 4
3 6
3 6
2 4
3 6
3 6
2 4
2 4
2 4
3 6
3 6
3 6
2 4
3 6
2 4
3 6
3 6
3 4
3 6
2 4
2 4
3 6
2 4
2 4
2 4
2 4
3 6
2 4
2 4
2 4
3 6
2 4
2 4
3 6
2 4
3 6
2 4
4 8
2 4
2 4
3 6
3 6
2 4
3 6
2 4
2 4
3 6
3 6
2 4
3 6
2 4
2 4
3 6
2 4
2 4
2 4
2 4
3 6
3 6
2 4
2 4
2 4
3 6
3 6
3 6
2 4
3 6
3 6
3 6
2 4
2 4
3 6
3 6
3 6
2 4
2 4
3 6
2 4
3 6
3 6
2 4
4 8
2 4
2 4
2 4
2 4
2 4
3 6
3 6
3 6
3 6
3 6
3 6
3 6
3 6
3 6
3 6
2 4
2 4
2 4
3 6
2 4
3 6
2 4
2 4
3 6
2 4
3 6
2 4
2 4
2 4
3 6
2 4
2 4
2 4
3 6
3 6
3 4
3 4
3 6
3 6
3 6
2 4
2 4
3 6
2 4
3 6
4 8
3 6
2 4
3 6
2 4
2 4
3 6
3 6
2 4
2 4
3 6
2 4
2 4
3 6
2 4
2 4
3 6
3 6
2 4
3 6
2 4
3 6
2 4
2 4
2 4
3 6
3 6
3 6
3 6
2 4
3 6
3 6
2 4
4 8
5 10
2 4
3 6
2 4
3 6
2 4
2 4
2 4
2 4
3 6
2 4
2 4
3 6
2 4
2 4
3 6
2 4
3 6
2 4
3 6
3 6
3 6
2 4
2 4
3 6
3 6
3 6
2 4
3 6
3 6
3 6
3 6
3 6
3 6
4 8
2 4
3 6
3 6
3 6
2 4
7 12
2 4
2 4
4 6
3 6
2 4
2 4
3 6
2 4
2 4
2 4
2 4
50 52
2 4
2 4
9 18
3 6
7 14
6 12
3 6
15 20
13 26
9 18
2 4
2 4
2 4
2 4
2 4
2 4
5 10
2 4
2 4
2 4
2 4
2 4
2 4
2 4
7 14
2 4
2 4
