1584
1547
465
2020
2109
2295
2252
2158
2403
2439
2562
2581
2129
2091
2025
1968
2580
2272
2452
1924
2426
1960
2540
2486
2021
2168
2166
2238
2251
2018
2459
2239
2148
2054
2247
1945
2087
1948
2351
2223
2081
2292
2336
2068
2319
2250
2241
2053
2537
2283
2510
2007
2463
2649
2461
2203
2254
2445
2588
2151
2273
2377
2161
2163
2457
2636
2496
2353
2334
2370
2532
2401
2599
2506
2179
2308
1979
2108
2654
1997
2526
2078
2059
2326
1925
2366
2057
2293
2367
2493
2015
1969
2355
2635
2647
2620
1935
2195
2568
2379
2017
2529
2547
2072
1959
2511
2327
2471
1128
1637
1570
1075
1305
1211
1612
1827
1768
1604
978
1842
1688
1449
1571
2063
2655
2112
2467
2561
2560
2124
2307
291
142
134
305
255
340
208
15
195
210
5
168
22
148
335
209
125
294
215
190
240
84
300
344
18
283
182
197
184
841
820
703
708
729
797
709
889
3527
3448
3755
3710
3455
3769
3629
3636
3761
3805
3908
3487
3551
3688
3582
3942
3898
3654
3495
3851
3906
3443
468
556
433
374
669
432
494
472
451
403
678
3677
1259
1549
1360
1553
1702
1585
1401
1499
1240
1831
1550
1450
3195
3111
2840
183
6
309
227
78
194
264
164
225
57
237
243
89
130
45
103
187
201
166
250
47
43
204
19
10
28
14
268
276
128
79
686
365
511
2231
2136
2495
3782
330
664
427
824
689
808
692
834
836
3774
3858
3479
3936
3514
3866
3705
3573
3597
3773
3856
3537
3912
3786
3854
3941
3638
3504
3704
3788
3576
3528
3913
3797
3962
3842
1505
1221
1014
942
1794
1404
1655
1169
1147
1779
1296
1727
1328
1428
1699
1236
944
1482
1397
1638
1158
1104
1682
1790
1720
1229
1148
1298
1426
1021
1009
1274
951
1568
1319
629
1837
1524
1441
1371
1070
874
3353
3288
2781
2778
3297
3405
3251
3367
3328
2934
3361
3133
2779
2832
3128
2981
3430
3300
3028
2783
2968
3394
3334
2842
2893
3131
597
680
579
681
631
295
157
306
27
121
217
172
109
331
318
313
239
248
269
2525
2603
2070
2269
2055
2000
2481
2274
1931
2011
1976
2013
2660
2297
2447
2022
1928
2517
2255
2258
2466
2373
1989
2507
2363
2539
2376
2462
2563
1963
1953
2058
2489
2395
2553
2074
2559
2602
1993
2218
2064
2369
2271
2556
2139
1946
2430
2646
2115
2253
2638
2418
2391
2350
2544
2407
2140
2586
1938
2033
2542
2615
2095
2624
2549
2392
2618
2207
2034
1988
2280
2610
2626
369
827
819
774
856
758
823
696
773
813
833
770
3545
3578
3930
3968
3449
3521
3804
3475
3900
730
297
163
165
282
284
41
246
120
206
44
129
160
233
33
167
207
310
37
205
59
311
64
117
29
338
333
149
296
156
301
193
32
46
8
23
347
320
108
138
60
235
211
3663
3720
3763
741
457
380
379
564
448
603
863
4023
4026
49
288
94
247
289
115
153
258
321
303
25
3850
535
404
1464
1142
945
1356
913
1807
1260
1634
1601
1372
926
1411
1455
1606
933
1210
1381
1030
1836
1053
1852
1851
1520
1467
1457
1832
905
1294
1111
1412
1134
1176
1248
1263
1583
119
39
3124
3126
3218
2702
3307
2983
3208
3308
2685
2812
3399
2769
850
53
261
40
66
337
65
152
319
80
36
251
281
106
612
668
478
490
398
394
34
265
383
719
3687
3737
3577
3721
3884
3757
3712
3621
3817
3459
202
4
102
229
96
141
323
17
256
302
304
75
200
199
203
440
466
390
508
471
400
475
2276
1918
2611
2354
2069
2030
2625
2520
2122
3471
887
4020
4005
661
2320
2432
186
3800
3596
3462
3792
3801
3836
3799
3732
3639
3849
3874
3600
3567
3685
3690
3960
851
804
666
682
684
588
667
672
623
650
655
361
614
580
2616
1947
2169
2028
2246
2282
2264
2002
2267
2491
2199
2117
2176
2475
2187
2174
2394
136
2232
2508
2643
2026
2261
1929
2484
2574
2546
2578
1718
563
1427
2749
2907
598
619
594
611
4017
3993
873
3981
626
624
4012
4016
710
750
3664
3972
3525
3655
3450
3709
3876
3615
3722
3835
3815
3707
3785
3940
3702
3824
3926
3604
3841
3634
870
720
791
853
843
802
763
855
765
852
695
795
796
747
803
764
779
816
794
671
858
480
634
632
638
587
645
592
646
599
3994
499
474
375
406
359
548
531
407
110
4025
4022
3236
2667
3067
3309
2761
2915
2758
2921
2938
2881
2997
2972
2959
3127
2821
3059
3173
3424
3088
2662
2804
3316
3306
3314
3325
3326
3231
3143
2808
3294
3121
2855
2811
3062
3114
3102
3258
3274
3164
3076
3244
3245
3100
2728
3383
2813
3103
3303
3213
2706
3284
2680
2800
3348
3047
2731
2663
3189
3175
3336
2700
3371
2817
3279
2954
2703
3302
3018
3034
2796
3278
3335
3345
3101
3152
3267
2833
3347
3296
3039
2725
3061
2837
3141
2858
2691
2736
3418
3248
633
586
660
278
222
238
231
72
216
137
2771
3210
2737
3066
3095
2923
1171
1542
1271
1809
1256
1388
2914
3150
3342
3214
2844
2773
3232
3228
3242
3153
3266
3200
2788
3372
2967
2805
3429
3420
3008
2715
3194
2734
3412
3110
3122
2752
2709
3159
3092
3246
3436
3337
3176
2739
3304
3235
3032
2871
2918
2718
3263
2984
3356
3340
2759
3041
3074
3020
2690
3264
2945
3364
3123
2846
717
733
783
725
840
825
792
762
707
845
751
826
748
716
101
81
4021
4036
659
615
3754
3929
3553
3680
790
489
3951
3875
3726
3626
3624
3671
3619
3695
3725
3752
3812
3748
3976
3820
3738
3948
739
726
744
784
775
793
690
785
837
807
839
854
693
740
811
757
4024
3999
293
30
114
51
74
151
218
158
180
3995
595
582
812
711
771
705
831
712
777
735
806
780
713
694
753
127
7
230
249
4029
593
578
577
643
628
4001
879
3421
3184
2717
2835
3138
3004
2782
3022
3040
2867
2951
3369
2711
3273
3024
3089
3406
2768
3196
3359
3253
3295
3313
3060
3172
3011
2815
2910
2729
3014
2916
3387
2993
58
1032
1515
1277
1281
984
1812
1018
1512
1490
1654
1062
1633
1244
1704
1840
1069
1719
1526
1007
1045
1137
1386
1535
1791
1078
1207
1712
1331
1006
1483
1172
1861
916
1613
1813
1793
1522
1746
1752
1623
1597
952
1491
1367
1390
1391
1456
1789
1685
1826
1181
1600
1079
1730
1835
1559
1621
1833
1126
1146
1255
1563
1551
1341
1107
1839
1816
1849
1750
1867
1737
1620
1049
1864
1230
1416
1590
1782
1159
1068
1774
1765
1460
1343
1008
1393
1251
1880
1846
1058
1901
1561
943
1002
958
1892
1895
1710
1858
1819
1195
1564
1711
1594
1270
1681
1847
1241
1170
1005
1624
1213
1451
1152
1672
1306
1094
1501
920
1232
1362
1759
1453
1073
1218
1889
1223
4032
3883
3918
3831
3618
3830
3736
1369
1870
1233
989
1715
1680
1318
1543
1099
1649
1651
1903
1900
1726
3072
3987
653
652
3997
219
147
91
73
146
145
105
280
118
104
341
307
901
1556
1224
1138
1403
1641
1276
1527
1157
1854
1728
1468
1631
1363
1090
1417
1385
1838
1422
1154
1552
1208
1196
1498
1161
1646
1164
911
914
1283
1127
991
1739
907
931
939
1136
1674
1534
1830
1077
1438
1755
1365
1414
1676
1039
968
1818
1050
909
1063
1756
1203
1194
1760
1869
955
997
1470
1047
995
1478
1588
1178
1151
1253
1749
1279
950
1421
1607
1586
1168
1091
1301
1627
1546
1015
1315
1019
1192
1495
1820
1907
1066
1324
1108
1751
1273
1282
1875
1844
1625
1708
970
1644
1439
1744
1252
1575
1034
1814
1452
1533
1513
1775
1326
1105
1264
1186
1581
1016
1532
1096
1430
1797
1548
1890
1506
1855
935
1057
1442
1599
1353
1458
1696
1087
1384
929
1521
1664
1314
1562
1822
1337
1494
1865
1387
1560
912
1803
1671
1856
1821
1825
1771
1678
969
1378
965
1308
1640
977
1355
1188
1897
1762
1773
1400
1179
1012
601
1740
1374
1237
1408
1001
1766
1155
1616
1300
1475
1379
902
1190
1591
1635
1592
1103
1141
1394
1477
1038
1368
1764
1476
1144
918
923
1262
1354
1346
1140
1510
1123
1424
602
3991
881
4030
617
600
356
583
607
377
409
656
2048
2301
2019
2182
2270
2522
1915
2156
2637
2217
2317
2113
2518
2119
2130
2296
2209
3456
252
271
50
290
342
98
38
325
26
21
236
214
3499
3783
3975
3571
3837
3770
3759
3580
3559
3508
3625
3692
3611
3750
3517
3540
3684
3873
3643
3818
3613
3939
3886
3864
3493
3767
3539
3833
3958
3550
3500
3947
3978
3454
3723
3606
3905
3857
3682
3967
3628
3447
3683
3562
3932
3531
3599
865
573
734
3668
3491
3934
3460
3678
3771
3823
3464
3660
3676
3821
3793
3463
3733
3511
3969
3622
3979
3787
3641
3961
3515
3889
3963
3645
3730
3518
3542
3819
3534
3867
3482
3894
3775
3587
3829
3697
3734
1382
1095
1480
2672
1684
3434
332
315
82
277
62
144
48
77
52
99
221
83
266
35
298
286
69
232
212
123
86
31
189
317
4034
571
351
4037
3980
581
647
3541
3862
3855
3675
3592
3937
3554
3796
3798
3844
3591
3807
3560
3546
3665
3916
3701
3890
3893
3669
3832
3896
3764
3718
3593
3486
3561
3904
3681
3739
3503
3863
3700
3741
3617
3649
3457
3970
3724
3931
818
3779
3602
3895
857
3802
3647
3933
3917
3673
3507
3445
3888
3564
3901
3478
3953
3919
3659
3897
3473
3453
3696
3603
3543
3441
3822
3810
3924
3881
3915
3834
3694
3524
3585
3745
3451
3871
3776
3565
3977
3765
3699
3922
3729
3616
3923
3847
3476
3549
3716
3760
3501
3674
3438
3640
3452
3465
3909
3584
3631
3839
3556
3533
3630
3667
3708
3861
3536
3689
3607
3728
3921
386
885
453
350
385
520
420
376
373
436
431
438
507
378
492
503
524
544
500
412
538
423
1582
2468
2233
2103
2220
2077
2387
2288
2530
2385
3386
2901
3419
3276
2697
3050
3158
2809
2926
2971
2790
3374
3270
2795
131
71
11
176
132
882
685
609
658
639
861
3432
3206
3265
2687
3350
3185
3378
3182
2976
3046
2963
2852
2935
2696
2859
3317
2903
3030
3269
3431
2894
3381
2848
2888
2816
3341
3091
3036
3063
3055
2684
3226
3098
3407
3216
3271
3354
2792
3112
3015
3148
2831
2969
2931
3293
2862
2864
2698
2974
3073
3135
2900
3183
3193
3031
2982
3139
3069
3204
2950
2932
3318
2801
2975
3009
3409
3275
2713
3113
2904
2849
3146
3115
3247
3082
2429
2052
2653
1912
2266
1962
2331
2478
2137
2642
1920
1941
2344
2543
1954
1940
1956
2658
2645
2285
2595
2016
2632
2227
2305
2175
2079
2235
2243
2162
1972
2614
1913
1999
2061
2192
2330
2260
2569
1923
2242
2325
2248
2583
1951
2342
2085
2396
2003
1952
1961
2412
2219
2474
2483
2036
2453
2286
2236
2476
2538
2613
2114
2380
2534
2277
2345
2065
1964
1536
1235
1691
641
1102
1695
1692
1113
1767
1040
1268
1143
964
1529
1770
1217
1703
903
1200
1474
986
1106
1713
1885
1579
1348
1486
938
1747
1177
1288
1488
1619
1663
1823
1675
1056
1214
953
1447
1580
1632
1402
1886
1399
1101
1076
1339
1877
428
366
446
462
387
401
521
421
405
4000
3986
4038
3996
139
93
254
179
279
100
3990
3209
2999
175
161
170
314
113
718
620
788
1541
1660
1419
1119
1266
1193
1433
904
1432
1322
1884
1829
1896
1280
1160
1204
1347
1410
1061
1035
1834
1139
1567
1249
1311
1041
1496
1686
1327
1630
1010
1647
896
1661
3609
3484
3742
3547
3717
3480
3691
3637
3715
3446
3686
3557
3656
3944
3620
3581
3612
3605
3502
3623
3826
3719
3532
3777
3872
3679
3974
3811
3538
3878
3644
3614
3468
3845
3756
3938
1013
1792
1220
1150
1518
1165
1215
1415
949
1023
1093
1340
1537
1265
1209
1297
1745
1525
1225
1246
1081
1167
1785
1366
1709
1909
910
644
2230
2651
2644
2454
2360
2312
2648
2515
2050
2298
2541
1981
2198
2215
2144
2328
2333
2498
2419
2010
2531
663
622
4011
859
835
832
737
810
869
878
864
4013
352
560
408
513
957
1448
1873
1596
1100
1088
1216
1876
1121
1071
1748
987
649
1286
1109
1629
1808
1602
1046
1693
956
1234
985
1443
1817
1697
1503
1781
1648
1508
1114
1097
4035
3984
3988
491
512
476
868
635
829
830
805
745
828
2067
1967
2362
2262
2060
2299
3078
2738
2995
2803
2897
3065
2861
3249
860
2671
3382
3346
3086
3415
3285
3136
2947
3191
3233
3177
2865
3079
3256
2996
2863
2892
3052
2985
2745
2896
2757
2780
2973
3038
3395
3106
2765
3357
2807
3259
3003
3376
2957
2970
2826
2678
3048
3423
3389
3349
2978
3422
3320
3049
3132
3051
3330
2770
3252
3198
2989
3344
3396
3261
2992
2661
2719
3351
3298
3327
3005
3272
2798
2784
2987
2679
2988
2890
3000
3362
3433
2927
3084
3339
2873
3119
2755
2777
2911
2919
3186
2898
3322
3057
2847
3094
3398
2856
3093
3081
3404
2924
3117
3363
2887
2886
3181
3241
2695
2962
3012
2699
2820
3254
3227
3332
3240
3021
3391
2872
2928
2664
2669
2676
2913
3137
2994
3118
3403
3162
2730
3097
3087
2785
2986
2839
2754
2943
171
2772
3105
3299
3291
2720
2446
2040
2184
2630
2509
2111
1955
2032
2598
2567
2617
2594
2347
3201
3154
2716
0
2056
2406
2197
1927
2284
2097
2657
2023
2106
2105
2587
2557
2310
2287
2469
2237
2329
2606
2572
1994
2487
2383
2178
2110
2390
2101
2221
1982
1957
2405
2577
2371
2066
1933
2044
2208
1995
2116
2627
2421
2316
2321
2641
1978
2204
2318
2622
2263
2177
2265
2388
2120
2488
2425
2167
2548
1919
2171
2596
2357
2389
2545
2155
2477
2352
2275
2504
2339
2084
2190
2201
2359
2257
2482
2485
2210
2573
2172
2290
2323
2244
2104
2005
2213
2306
2492
2590
2131
2428
2408
2374
1983
2340
2088
1984
2607
2093
2593
2240
2604
2278
2460
2309
2090
2229
2404
1986
2410
2216
2311
1922
2080
1950
2612
2031
2571
2123
2083
2386
2601
2409
2118
1971
2551
2579
1942
2234
1977
4008
636
575
657
675
384
534
504
778
700
732
821
699
817
731
842
715
799
742
846
704
787
2764
1656
3238
3025
2946
2756
2966
3104
2940
2827
3417
3526
509
308
345
12
299
234
76
241
270
275
259
24
124
198
505
572
528
543
426
470
357
362
498
502
355
485
454
455
467
413
570
545
425
541
393
443
488
435
437
547
530
665
673
683
862
3693
3827
3768
3813
3956
3780
3477
3809
3513
3853
3935
3965
3859
3892
3840
3735
3498
3791
3946
3927
3814
3483
3461
3762
3589
3594
3516
3703
3574
698
688
822
722
728
738
706
798
702
789
838
727
3714
1085
3586
3902
3966
3672
3497
3444
3772
3911
3439
3743
3887
3914
3627
3885
3698
3474
3808
3657
3442
3713
3529
3794
3568
3506
3648
3558
3784
3803
3472
3662
3903
3949
3490
3492
3778
3781
3925
3466
3751
3920
3955
3440
3711
3535
3572
3661
3865
3566
3954
3595
3489
3548
3588
3899
3510
3555
3670
3552
3891
3570
3870
3579
3598
3520
3494
3879
3583
3959
3481
3727
3952
3945
3825
3650
3523
3530
3766
3843
3789
3522
3575
3907
3973
3569
3706
3848
3608
3740
3496
723
815
801
767
849
697
569
539
381
574
97
2
192
112
111
95
154
70
312
54
244
3982
3211
2899
3167
2692
2889
2682
3352
3343
3370
2895
3425
2751
3027
2748
3070
3411
3287
2834
2883
2710
3043
2885
2980
2740
3053
2705
3149
2689
2866
2912
3163
2666
3142
3064
2726
2884
3283
2818
3393
2843
3365
3255
3219
3385
3221
2875
2925
3056
2880
2906
2909
2750
2694
2806
2763
2683
3029
2905
3108
3033
3174
2743
3315
2802
2838
3292
670
87
67
2440
2214
2205
2415
2650
2497
2335
2442
1949
2444
2358
2456
2029
2152
2431
2160
2634
2585
2004
1991
2211
2313
2361
2107
2089
2413
2455
2397
1930
2400
1937
2656
2450
2628
2170
1975
2411
2375
2621
2422
1958
2035
1965
2341
2099
2535
2527
2304
2434
1939
2479
2513
2378
1973
2337
2443
2009
2173
2291
2041
2382
2424
2245
1996
2435
2082
2576
2524
2164
2014
2554
2165
2464
1966
2073
2564
2043
2623
2348
2550
2212
2098
2521
2046
2584
2514
2505
2566
2259
2503
2393
2303
2565
2519
2012
2027
2639
2001
2202
1980
1914
2365
2633
2364
2877
1642
3360
3017
3002
2787
2742
2869
2674
2937
2416
2499
2121
2150
2600
2045
2206
2037
2142
2188
1917
2381
2324
2200
2154
2414
2086
2356
1943
2575
2619
2423
2631
1998
800
752
814
613
621
648
4018
894
630
4003
4028
3485
3828
3563
3950
3458
3653
3806
3467
3846
3470
848
768
766
589
809
1738
1307
1555
1910
1558
1206
1466
900
1295
1116
1440
915
1187
922
959
963
1022
1285
1772
1796
1290
1407
1202
1780
1197
1395
1887
1658
1145
979
1798
159
177
63
274
174
135
191
529
536
549
434
439
469
430
2465
2608
2127
1926
2417
2186
2473
1990
1944
1987
1936
2193
2185
2038
2180
2451
2592
2149
2343
2294
2256
2147
2100
2605
2652
2132
2143
2042
1932
2071
2302
2125
2597
2196
2384
2436
2268
2793
3215
2727
2814
2799
2998
2735
3068
3099
2677
2891
3392
3410
2670
895
4033
2870
2760
3390
3160
3305
3071
3222
2964
3230
3157
3225
2675
2953
2822
2841
2747
2836
2775
3197
3077
2830
3134
2704
2917
2979
3188
3075
3001
3199
2853
3277
122
1310
1504
1531
1511
899
1777
1843
1000
1784
1033
1802
1212
1189
1507
1481
1304
1801
1485
1182
1026
1359
1614
1540
1086
1222
1191
1662
1530
1605
1156
1132
1272
1135
1528
1724
1278
1133
1055
932
1723
1863
1092
1201
1868
1668
1898
1289
960
982
1519
1845
1653
1043
1239
1434
1317
1705
1882
353
517
484
414
422
496
515
388
537
487
417
392
461
493
395
553
419
463
397
444
452
533
424
477
399
642
4027
847
2665
3187
3207
3019
3107
3414
2948
3250
3155
2819
2845
3311
3190
3042
2922
3319
3010
880
584
552
3998
150
155
42
226
316
328
143
181
90
273
327
343
4004
3989
610
640
590
892
867
866
4019
2668
3312
2939
3169
3262
2712
3224
2956
2929
3435
1666
1405
637
483
402
456
676
56
324
3519
3512
3731
3658
3488
3943
285
185
162
133
178
257
1
292
262
346
242
68
126
339
16
326
2701
3234
3373
3333
3058
2868
3281
2774
2952
3237
3377
3109
3229
3130
3125
2879
3037
3161
2776
3402
2930
3257
3426
2786
3324
3026
2693
3268
3329
3400
3220
2681
2810
2746
3301
2824
3428
3156
2857
2722
2977
2732
3286
3223
3013
2949
3358
3217
2942
3331
3202
2794
2961
2767
3165
3388
3427
3401
3151
3282
2933
3338
2744
2825
3323
2965
2878
3045
3380
3379
2724
2944
2960
3085
2920
2850
3023
2714
3375
2733
3083
3166
2902
3290
3413
3080
3368
2854
3178
3384
3243
2741
3054
3205
3035
3397
2828
3355
3321
2936
523
410
447
429
501
382
459
449
1906
1052
1500
992
1860
1364
1228
1908
1383
1418
1320
1679
1694
961
1444
1725
415
360
917
1358
596
1423
1576
1257
1862
1115
1067
1857
1636
1776
1174
1690
974
1461
1853
1336
1247
976
1349
1778
919
1595
1020
962
1545
1425
1850
1828
1309
1303
1429
1332
1618
1566
898
1051
1667
1911
1626
1484
1435
1065
4014
4006
3212
2823
3007
2908
2876
2766
2789
2723
2882
3147
2791
2686
3260
3044
2990
3180
3408
2721
3192
3310
2860
2797
3280
3116
2991
3366
3168
2955
3203
2829
2688
3006
3144
2707
2958
3145
3140
3239
2753
3416
3179
2673
3129
3096
3090
2874
3171
3289
2941
2762
2851
3170
2708
3120
3016
2075
2133
2047
2398
2138
2191
2039
2183
2279
2399
2062
2528
2570
2222
2438
2332
2533
2420
2194
2516
2134
2372
2582
2224
2153
2555
2289
1985
2338
514
272
88
336
213
223
85
55
334
140
228
245
253
61
4009
662
585
677
605
551
495
486
445
540
608
679
674
625
576
3985
20
116
220
287
263
349
884
886
872
3992
4010
871
4007
3983
891
4015
550
481
464
441
519
687
721
786
755
749
691
714
743
844
761
754
701
746
772
654
458
558
1469
1292
1459
1245
1893
1227
1573
1578
1904
924
1493
1044
1701
1670
940
1628
975
1700
1118
1650
1258
1497
1489
1231
1894
1824
1706
1473
1025
1284
1080
1487
936
1357
1878
1883
1398
897
1131
1325
1054
1652
1344
1659
1689
1243
1643
967
1287
947
1721
1024
1330
1879
1888
1799
1185
1059
1554
1714
1736
1717
1003
1083
1665
1361
1516
1800
1238
1173
1205
1734
1350
1321
1162
937
998
1874
1445
1072
1769
973
1677
1673
930
1733
1743
1615
1841
971
1593
1866
994
999
1572
1872
1120
1859
1098
371
173
364
554
557
473
370
542
482
559
604
591
527
555
354
411
877
888
562
510
450
546
396
522
418
518
358
516
532
568
368
4002
883
769
618
759
322
169
196
3
260
267
4031
565
616
224
329
3795
3860
3880
3790
3971
3838
3877
3642
92
776
627
893
875
3646
3749
3632
3882
3544
3747
3744
3610
3590
3753
3852
890
876
736
781
724
782
760
442
2427
2300
2500
2433
2552
3437
3635
3758
3601
3868
3816
3469
3666
3505
3869
3509
3746
3928
3652
3964
3910
3957
3651
3633
367
1565
948
1406
1502
1183
1373
1871
1729
1786
566
391
525
497
348
1166
1881
1574
1465
1577
2102
2458
2501
2512
2145
2589
2189
363
606
1598
1163
966
1198
927
1509
921
1538
1815
756
188
9
13
2591
2659
2448
2402
1970
2502
2609
2135
2315
2472
2629
2128
1916
2368
2141
2558
2470
2349
2523
2181
1934
2051
2228
2536
2494
1974
2437
2490
2480
2146
2322
2226
2049
2346
2441
2449
2281
2008
2096
2092
2249
2314
2076
1992
2006
2159
1921
2157
2024
2225
2126
2640
2094
1042
389
1037
1436
1848
1732
1261
1472
1783
1316
1036
1345
1082
1587
1413
1333
1787
1389
1110
1409
1603
1269
1795
1617
1471
925
1329
1753
1811
1124
1437
1293
1219
1722
1112
1805
908
1479
988
996
1905
1089
1463
1226
1254
1011
1544
1130
1741
1610
1335
1004
1242
1754
1125
1370
1153
1707
1804
1608
1669
1683
1334
1312
1639
1180
928
1731
972
1031
1788
941
1454
954
1742
1611
1060
1716
1462
1392
1899
981
1084
1657
1342
1064
1687
1569
1275
479
372
460
416
1763
561
567
506
651
1313
1514
1122
1446
1645
1492
1027
1698
1806
983
1029
1376
1420
1323
906
1523
1351
1380
1117
1074
1810
934
1028
1761
1250
1375
1891
1396
990
1758
1299
1338
1129
1517
1609
1048
980
1291
1267
1302
1149
1757
1589
993
1352
1377
1431
1184
1539
1902
946
1735
1175
1199
1557
526
1017
1622
107
