347 72
17 32
10 20
17 28
10 20
13 26
6 12
20 40
8 16
57 78
10 20
1 2
1 2
31 46
15 28
1 2
9 16
13 26
1 2
16 32
15 28
65 84
11 22
17 32
16 26
69 84
68 74
5 10
13 26
13 26
17 34
23 40
6 12
2 4
5 10
2 4
11 22
1 2
9 18
15 28
44 78
24 44
2 4
1 2
6 12
12 22
5 10
2 4
22 40
4 8
11 22
7 14
2 4
31 50
8 16
17 26
78 88
15 26
12 24
19 34
8 14
3 6
26 38
6 12
7 12
12 22
15 28
76 78
9 18
10 18
2 4
3 6
24 40
10 20
1 2
14 24
3 6
6 12
9 18
12 22
23 44
3 6
34 60
7 14
13 24
14 28
6 12
13 26
20 38
8 16
2 4
8 14
21 38
8 16
22 38
6 12
9 18
3 6
49 66
13 24
9 16
19 32
6 12
16 30
32 48
14 26
8 16
1045 42
13 26
37 54
5 10
14 28
3 6
40 56
1 2
21 40
17 32
6 12
36 58
62 74
4 8
12 24
63 84
18 30
4 8
4 8
7 14
16 32
28 50
7 14
16 32
7 14
16 28
18 36
19 32
10 20
133 152
16 30
2 4
9 18
11 20
28 42
43 58
12 22
15 28
2 4
10 18
6 12
20 32
14 26
11 18
7 12
5 10
2 4
2 4
3 6
12 24
3 6
25 46
14 28
2 4
25 44
8 16
6 12
3 6
11 20
4 8
7 14
11 22
38 58
46 62
22 42
41 66
12 24
4 8
17 32
14 26
11 20
13 26
3 6
20 32
10 20
3 6
2 4
18 36
26 42
44 58
16 24
48 70
7 14
4 8
3 6
5 10
5 10
19 32
9 18
13 24
16 32
12 24
47 62
57 78
4 8
4 8
57 72
22 36
2 4
4 8
3 6
7 12
1 2
1 2
30 52
18 32
39 56
17 32
1 2
2 4
8 16
9 18
6 12
4 8
8 16
11 20
27 44
28 48
10 20
14 26
15 28
3 6
6 12
9 18
21 38
25 34
2 4
2 4
5 10
37 68
7 14
23 38
59 76
3 6
2 4
24 44
8 14
2 4
5 10
14 28
3 6
21 40
24 42
5 10
14 28
65 78
3 6
17 28
2 4
2 4
18 36
15 24
8 14
8 16
38 58
4 8
7 14
5 10
27 46
18 32
2 4
11 20
6 12
4 8
73 82
45 62
9 18
14 24
10 20
18 32
65 78
10 20
2 4
43 64
16 32
2 4
5 10
16 32
47 74
2 4
1 2
4 8
4 8
14 24
36 62
1 2
3 6
3 6
10 20
7 14
25 44
11 22
20 36
7 14
3 6
20 38
21 36
55 72
2 4
9 18
4 8
24 44
10 20
13 26
7 14
26 48
37 62
13 22
56 78
2 4
7 14
11 20
8 16
21 42
3 6
72 86
39 62
26 46
39 54
19 36
4 8
9 18
30 52
16 26
20 36
43 62
8 16
28 46
1 2
3 6
9 18
7 14
27 54
6 12
12 24
34 54
18 34
9 18
16 28
27 48
7 14
229 88
5 10
21 38
5 10
23 38
102 111
26 46
39 68
3 6
18 28
1 2
26 52
43 68
23 40
19 34
96 112
9 18
6 12
97 102
32 52
34 52
26 48
71 80
5 10
17 30
94 102
68 74
17 28
133 120
2 4
62 56
2 4
11 18
12 24
12 24
3 6
4 8
8 12
3 6
36 60
38 60
48 78
6 12
61 64
39 52
7 14
36 54
77 102
27 46
47 70
33 54
8 16
73 74
2 4
57 76
20 38
51 78
11 20
4 8
15 28
55 80
34 54
15 30
3 6
99 108
17 34
159 98
26 46
21 36
62 74
23 40
57 98
34 60
25 40
60 88
57 74
17 30
19 36
18 32
9 16
115 136
10 20
38 54
71 86
55 80
10 18
33 48
10 18
60 80
10 18
71 88
43 64
14 24
8 16
12 22
2 4
47 86
27 44
18 30
1 2
3 6
10 16
22 44
25 40
42 62
5 10
3 6
37 60
61 78
20 34
26 42
10 18
66 86
53 76
19 30
43 68
5 10
78 96
9 18
4 8
2 4
22 38
16 32
31 46
5 10
32 54
20 36
122 122
6 12
12 20
8 16
37 56
7 12
27 48
34 60
231 120
107 126
5 8
16 30
33 48
28 44
24 42
13 26
11 22
65 66
56 88
23 40
23 44
40 60
83 100
6 12
3 6
83 102
8 16
11 18
58 82
43 66
13 26
72 80
65 76
16 28
15 26
26 46
30 42
29 50
89 80
64 86
61 74
20 32
104 112
19 36
25 48
50 72
15 30
11 22
43 64
64 72
69 84
98 142
46 54
13 24
9 18
4 8
40 62
10 20
6 12
8 14
12 24
22 42
40 56
87 98
22 40
8 16
10 18
58 80
21 36
67 74
46 70
30 54
32 58
32 54
7 12
1 2
17 28
4 8
85 102
18 32
38 68
48 70
37 64
20 36
83 78
30 48
81 98
5 10
91 136
9 18
20 36
85 98
63 92
12 24
15 26
35 62
3 6
4 8
32 46
11 20
12 20
14 28
22 34
24 36
39 58
84 92
2 4
21 36
25 38
15 28
1 2
7 14
10 20
14 28
21 36
14 26
46 44
41 56
5 8
8 16
19 34
46 80
22 38
16 28
23 36
24 38
25 44
1 2
18 30
35 50
18 30
91 117
1 2
1 2
30 44
5 10
16 30
15 28
1 2
32 46
24 34
19 34
25 40
24 44
26 38
20 36
7 12
13 24
17 28
1 2
21 30
14 26
24 40
12 22
11 22
39 60
11 22
22 36
15 28
16 30
22 38
25 42
115 146
1 2
11 18
23 34
66 98
2 4
24 38
25 38
29 44
13 24
19 32
2 4
5 10
22 34
73 102
4 8
28 46
33 56
6 12
3 4
7 14
24 36
24 36
3 6
24 40
24 40
9 16
17 26
18 28
18 34
3 6
1 2
34 38
23 36
5 10
8 16
4 8
1 2
23 36
18 28
22 36
26 48
7 12
27 36
23 34
13 22
33 50
20 30
17 34
170 78
28 50
45 70
8 16
9 16
6 12
1 2
14 26
54 64
41 60
31 52
52 76
68 80
2 4
7 14
21 42
8 14
43 66
5 10
69 80
18 28
10 20
29 50
17 32
8 16
20 36
13 20
71 84
14 24
10 20
12 24
4 8
30 50
64 74
18 36
5 10
14 22
12 24
47 64
8 16
36 48
26 48
38 60
13 22
15 26
26 38
14 24
8 16
23 38
5 10
14 26
16 28
25 46
29 50
8 16
17 32
12 24
3 6
2 4
57 68
9 16
57 84
19 36
2 4
2 4
12 24
38 56
13 24
30 48
19 36
10 20
4 8
20 40
10 18
30 50
8 16
13 24
14 26
28 52
14 28
35 54
8 16
14 28
15 28
27 46
15 28
18 32
36 46
37 56
2 4
9 16
18 28
16 28
18 36
34 56
52 70
13 22
18 36
40 64
3 6
9 18
29 52
4 8
13 26
4 8
7 14
23 38
20 40
14 24
18 32
7 14
26 50
7 14
12 22
37 56
1 2
5 10
20 36
16 32
66 80
15 28
20 32
9 18
18 36
32 50
9 16
8 16
10 20
26 42
39 60
9 18
24 46
16 32
37 60
38 52
9 18
15 28
56 80
58 68
6 12
11 20
45 60
79 82
34 48
55 72
15 28
4 8
15 24
43 52
20 32
12 24
13 24
22 42
15 26
27 44
2 4
37 62
13 26
14 24
23 36
6 12
27 46
21 32
30 54
10 20
4 8
4 8
44 62
3 6
4 8
39 56
12 24
5 10
2 4
2 4
10 16
24 38
11 18
5 10
4 8
5 10
8 14
4 8
7 14
7 14
7 14
7 12
6 12
7 12
1 2
11 20
4 8
10 18
6 12
8 12
7 14
8 14
1 2
4 8
9 18
8 12
6 12
9 14
13 20
7 14
1 2
1 2
4 8
4 8
6 12
126 98
66 110
38 48
3 6
13 20
34 50
46 60
34 48
3 6
17 32
78 107
13 26
32 44
12 24
5 10
1 2
9 18
44 82
16 32
35 56
147 128
130 116
1 2
29 38
13 25
106 105
30 58
8 16
45 68
167 122
21 38
75 95
9 16
5 10
52 74
15 26
63 94
25 44
82 75
7 14
37 48
7 14
29 42
17 30
17 30
54 76
65 58
12 24
37 60
4 8
166 128
115 112
38 60
23 38
10 18
20 38
84 96
109 124
55 72
10 18
10 20
65 72
24 40
46 68
103 120
13 24
27 50
33 44
26 48
16 32
115 124
107 127
40 75
32 38
15 26
34 52
21 38
18 34
11 20
54 54
24 32
26 46
104 106
10 20
128 121
47 50
68 102
62 80
42 54
7 14
11 22
6 12
41 64
35 52
29 50
19 38
31 46
154 108
27 50
66 99
4 8
96 92
9 18
77 96
16 30
39 68
4 8
95 125
120 104
14 24
142 134
16 32
8 16
57 76
36 64
32 50
32 57
12 22
99 86
36 50
9 18
149 126
51 66
58 70
58 56
61 81
4 8
9 18
85 96
29 51
80 100
3 6
67 92
79 118
11 20
4 8
79 78
17 30
3 6
26 46
58 66
37 60
5 8
27 52
67 84
48 66
15 28
12 24
28 52
12 24
3 6
65 92
106 118
82 91
11 22
46 70
63 90
8 16
54 79
14 26
65 94
5 10
7 14
165 110
51 70
10 16
22 40
22 38
27 48
2 4
68 70
76 72
49 78
21 36
78 104
3 6
26 44
10 18
63 100
80 102
142 111
15 28
183 116
123 112
60 82
30 40
57 60
106 104
15 28
66 86
205 145
7 12
14 28
14 28
13 24
20 36
50 86
9 18
11 22
24 42
1 2
36 50
23 32
56 52
64 66
123 108
51 50
8 12
109 102
4 8
27 48
141 126
43 50
38 46
70 97
9 18
54 81
47 64
38 64
36 42
29 52
122 106
35 50
1 2
51 62
24 36
49 60
71 103
130 129
117 112
198 120
21 42
98 109
60 64
66 102
32 50
142 114
6 12
11 22
68 91
33 46
29 46
14 28
24 38
9 12
18 36
33 56
14 28
21 36
1 2
147 120
5 10
65 82
102 100
14 28
6 12
17 28
139 110
9 18
45 66
99 114
5 10
66 84
61 92
88 110
19 34
8 16
100 114
27 45
26 48
57 74
28 44
6 12
19 34
36 60
24 44
113 118
115 136
18 30
132 140
2 4
15 28
13 24
45 52
45 70
89 104
66 87
34 60
158 119
156 105
17 28
20 34
32 52
38 64
39 50
110 110
97 92
9 18
4 8
49 72
26 42
15 30
83 76
217 109
4 8
58 76
9 18
8 16
107 114
102 106
1 2
72 98
3 6
76 95
40 60
173 126
26 44
20 38
114 136
43 68
36 52
47 85
11 22
54 80
9 18
71 84
142 140
22 44
2 4
30 52
35 56
84 84
23 44
47 62
125 115
74 70
29 46
2 4
15 26
107 90
43 70
60 84
152 138
9 18
7 14
20 38
93 105
112 116
12 24
40 54
35 68
24 42
8 16
15 30
137 125
12 20
3 6
3 6
6 12
124 111
135 134
55 60
42 65
47 66
38 56
68 72
2 4
6 12
5 10
31 54
13 26
120 104
11 20
126 119
2 4
96 106
84 106
64 86
25 38
57 78
2 4
124 88
36 59
44 56
76 92
41 50
68 70
32 62
60 88
55 76
23 42
66 86
92 114
85 98
87 101
113 109
55 68
48 76
22 42
5 10
25 48
6 10
71 72
31 52
31 50
6 12
107 102
48 52
38 64
104 122
26 48
31 48
20 40
43 52
27 44
24 40
80 98
34 52
26 44
44 64
32 46
21 38
41 56
27 40
64 68
25 48
90 84
77 92
40 48
18 30
2 4
49 80
20 32
136 129
122 124
146 132
42 70
33 48
100 114
128 104
55 74
36 62
68 88
100 102
63 83
123 123
10 20
37 67
91 103
97 76
5 10
74 90
37 54
42 60
33 54
67 86
234 120
3 6
5 10
37 50
20 34
31 54
77 72
84 100
37 52
137 137
3 6
21 38
12 20
42 70
66 86
166 131
10 20
53 88
112 116
37 60
7 14
73 74
42 52
74 102
182 112
190 106
32 46
51 60
85 110
27 44
41 48
4 8
12 22
15 28
1 2
9 16
84 94
46 63
193 121
175 129
37 56
53 75
2 4
2 4
54 54
16 30
44 68
178 122
22 34
12 24
74 104
9 18
50 60
50 88
31 46
37 51
34 62
106 139
21 34
10 18
22 36
60 72
8 16
30 46
111 117
5 10
21 40
24 44
148 127
24 36
14 26
61 80
19 34
34 62
64 72
66 96
29 52
38 66
2 4
220 111
55 72
23 32
15 30
56 95
30 54
56 96
34 42
21 36
28 54
16 30
5 10
9 16
32 58
9 18
36 56
142 114
52 70
90 112
23 38
31 44
34 52
28 52
52 50
5 10
132 120
62 88
33 60
102 88
46 75
8 16
84 70
10 18
26 46
108 112
1 2
124 127
31 48
57 78
71 102
169 111
90 94
54 91
4 8
72 90
5 10
9 16
17 30
84 80
93 118
17 34
49 62
96 120
22 38
47 74
5 8
63 100
135 146
22 38
9 16
125 120
13 25
26 40
26 40
67 62
48 66
29 54
6 12
12 24
29 48
18 36
70 90
28 48
58 70
59 90
8 14
37 54
33 46
131 111
4 8
30 44
34 48
52 83
35 48
69 80
159 91
36 60
14 28
33 60
117 116
6 12
156 127
69 91
41 78
57 81
22 40
12 22
70 97
42 72
105 102
22 44
39 64
35 52
33 58
64 81
82 114
19 36
72 100
79 95
69 103
33 44
55 84
33 48
15 30
43 76
3 6
122 108
38 56
49 76
38 50
171 115
7 12
37 66
160 112
35 52
25 42
151 111
2 4
186 119
1 2
25 44
10 20
112 119
16 30
44 70
20 38
33 44
29 44
48 85
124 113
60 94
43 67
89 86
67 76
20 38
66 66
170 90
36 58
5 10
83 98
1 2
41 42
97 88
211 129
20 36
3 6
53 64
23 32
205 111
88 116
95 108
25 40
32 52
16 30
39 50
77 66
112 99
136 126
11 20
117 133
32 48
12 20
145 105
148 130
90 100
31 48
5 10
117 105
92 99
179 114
72 82
190 101
182 103
71 115
24 36
50 64
117 132
24 46
114 116
128 140
189 108
177 106
100 94
35 46
25 42
37 70
3 6
82 80
22 40
67 89
9 16
79 112
23 44
38 58
34 50
77 74
99 122
34 50
78 96
8 16
14 28
28 52
100 98
69 95
56 68
18 30
50 70
25 40
35 56
21 42
4 8
81 106
74 90
7 14
56 66
34 64
5 10
19 35
82 91
24 44
80 86
146 120
235 97
6 10
127 118
36 64
27 46
122 108
137 101
11 22
32 56
25 44
40 56
25 50
117 117
16 28
36 48
18 34
27 46
61 78
25 44
38 56
123 130
792 46
93 121
35 56
43 62
95 107
124 118
2 4
60 60
50 68
3 6
34 54
30 52
12 24
8 16
19 28
42 68
17 34
7 14
45 84
70 98
25 40
27 36
42 68
185 126
10 20
62 86
15 28
5 10
105 116
4 8
187 110
65 80
60 80
139 119
155 141
19 36
49 66
115 104
56 94
49 70
59 83
51 80
21 40
32 54
32 50
80 80
226 130
8 14
48 54
38 54
49 81
109 111
156 120
79 89
26 46
14 26
37 50
104 120
79 76
26 44
37 52
19 34
202 115
22 38
13 26
13 26
126 98
50 46
115 109
82 91
57 89
2 4
16 30
131 122
27 54
6 12
3 6
121 125
4 8
32 52
25 42
66 98
40 62
36 54
209 120
25 44
47 74
20 36
61 86
23 42
40 74
8 16
5 10
5 10
38 56
22 40
20 36
26 42
67 105
121 114
17 28
30 50
97 92
38 60
10 20
103 122
38 64
131 115
6 12
145 121
57 109
89 111
71 96
5 10
34 54
152 104
245 117
23 40
12 20
25 40
195 106
22 40
32 54
51 91
14 28
113 124
102 114
63 80
44 50
156 134
10 18
24 34
131 119
15 28
30 55
88 111
67 70
27 44
12 22
127 115
58 58
29 44
102 120
201 124
56 72
16 30
16 32
42 68
46 68
191 105
1 2
182 115
25 48
38 54
6 12
165 148
10 20
49 58
119 128
40 72
70 85
101 131
38 62
26 46
36 46
119 106
29 50
42 72
22 44
12 22
2 4
6 12
4 8
73 78
29 58
46 62
17 34
99 123
54 60
49 88
107 111
8 16
31 48
123 123
121 126
15 28
23 37
82 72
50 68
41 58
13 26
28 54
56 78
64 77
35 50
150 98
32 50
53 90
51 68
18 32
32 50
28 52
105 120
11 22
254 94
15 30
6 12
71 87
12 20
83 92
63 70
37 58
9 18
36 61
101 100
79 76
26 44
14 28
130 124
40 60
30 46
11 22
22 38
30 46
10 20
41 76
31 50
39 74
755 66
19 38
47 48
11 20
79 74
190 66
161 94
55 62
123 70
40 58
15 28
56 90
6 12
125 96
134 136
55 62
23 40
151 84
13 24
39 54
95 70
11 22
12 20
50 58
22 38
4 8
189 60
79 92
93 86
223 142
39 70
192 64
29 48
146 84
191 64
120 90
108 72
8 16
12 20
64 56
17 34
123 92
93 106
92 74
8 16
39 50
34 46
120 108
43 68
7 14
187 60
86 88
96 116
20 34
172 92
2 4
35 50
4 8
72 94
176 86
70 78
65 72
7 14
36 58
39 64
9 18
15 26
176 80
57 58
55 68
19 36
199 72
178 60
224 102
153 116
36 60
24 44
87 102
20 32
49 52
15 28
203 62
64 74
63 68
4 8
135 88
54 60
34 48
33 50
60 60
85 104
48 54
50 58
155 90
52 44
171 134
7 14
45 58
84 72
40 56
15 26
9 16
10 20
5 10
18 30
7 14
55 78
19 30
158 90
31 54
50 68
25 44
53 60
30 38
96 122
44 54
106 86
34 58
187 66
53 84
147 88
173 84
8 16
30 44
21 36
173 106
123 106
112 82
152 112
8 16
96 82
174 94
25 42
176 70
123 98
205 124
17 32
37 60
23 34
9 18
106 70
115 96
163 90
73 96
115 130
42 66
76 96
193 46
106 112
48 52
76 100
141 108
186 72
26 48
9 16
33 56
141 98
168 92
13 24
123 76
129 90
195 58
162 64
48 58
17 32
126 98
204 50
1 2
9 18
172 84
18 34
147 84
141 110
30 54
136 90
156 88
198 60
23 38
189 48
34 58
43 72
177 80
7 14
154 98
21 34
38 46
117 102
16 32
6 12
71 94
132 106
184 74
181 64
11 22
4 8
37 66
164 72
135 86
43 50
184 90
160 88
10 20
15 28
136 88
65 92
142 120
188 60
15 30
23 36
158 88
146 88
203 58
169 82
121 98
54 78
112 102
92 124
38 60
11 20
198 60
94 102
159 124
85 92
88 84
74 108
49 70
138 92
178 72
171 82
24 40
221 88
102 114
78 64
43 72
24 42
41 72
90 94
128 100
192 72
86 74
18 34
139 70
160 84
41 64
27 52
39 60
10 20
48 58
24 46
82 86
15 28
31 54
92 98
128 104
9 16
5 10
3 6
109 88
18 32
66 62
193 74
30 54
120 96
8 16
117 122
11 20
3 6
94 102
114 86
17 34
8 16
134 68
186 70
17 32
18 30
148 76
194 64
113 124
168 86
88 78
41 56
14 24
109 98
1 2
110 72
22 42
55 72
175 96
173 76
190 56
49 62
100 94
4 8
14 22
210 44
22 40
22 40
36 50
98 90
54 76
140 102
103 100
27 44
58 86
133 98
13 26
205 60
5 10
195 56
41 52
46 56
116 98
129 86
42 54
51 86
7 14
32 56
207 74
5 10
36 58
71 100
222 84
29 48
70 82
37 54
124 114
13 24
44 78
201 58
119 84
40 68
59 74
200 64
7 14
95 90
122 102
18 32
19 38
109 96
9 18
10 18
157 102
90 84
10 20
7 14
155 96
49 78
55 80
20 34
129 92
14 26
7 14
75 88
11 22
234 80
83 106
130 128
1 2
15 26
180 66
29 42
91 90
35 42
185 66
154 76
16 32
174 90
129 88
59 82
9 18
154 92
161 88
56 56
55 82
24 40
68 92
21 40
160 140
184 64
17 30
142 90
54 62
122 102
23 38
34 56
38 54
17 32
155 84
122 120
10 20
123 92
29 44
66 92
16 26
113 94
141 88
156 78
199 66
23 34
51 80
16 32
85 100
19 32
73 82
10 20
36 58
37 58
122 82
16 28
7 14
46 74
183 70
197 80
79 106
180 64
125 102
166 112
124 88
48 64
190 64
103 88
160 92
139 118
34 60
150 92
35 48
109 86
182 82
198 56
26 52
28 44
79 82
121 106
52 90
36 38
291 122
151 90
18 32
28 50
110 84
168 80
86 100
177 68
30 56
172 66
13 26
6 12
147 78
12 24
45 74
25 38
167 74
65 64
55 60
36 62
50 84
79 90
197 58
158 88
36 56
105 86
12 24
168 74
6 12
179 80
94 96
50 64
36 64
3 6
176 74
2 4
24 46
188 98
57 88
139 90
50 72
6 12
28 56
49 56
72 96
92 104
32 50
95 108
179 90
69 74
35 64
108 94
77 94
19 38
21 40
15 28
17 30
170 90
20 38
36 58
89 96
153 78
178 78
207 62
32 54
31 52
17 34
183 66
41 48
37 52
70 108
117 92
109 114
81 68
8 16
5 10
165 84
11 22
36 60
18 34
25 48
191 88
86 110
146 108
5 10
28 42
147 74
91 96
27 48
94 84
5 10
68 78
10 18
34 46
4 8
3 6
23 44
16 28
70 64
161 90
49 62
33 54
46 78
12 24
109 94
10 18
14 28
16 32
16 32
8 16
1 2
99 98
46 70
169 82
124 86
96 110
126 76
202 46
60 68
11 22
130 102
177 138
135 74
1 2
132 92
77 108
49 82
26 44
97 88
36 60
113 96
93 106
46 54
27 46
3 6
160 84
3 6
126 104
137 106
18 32
9 18
39 62
108 100
15 28
121 102
178 82
6 10
39 54
145 106
22 34
25 46
94 98
93 120
181 76
76 108
43 70
16 26
151 88
5 10
124 98
201 64
98 94
134 108
138 82
140 86
105 116
15 26
9 16
13 24
88 108
6 12
48 72
35 60
165 88
141 96
14 28
17 28
13 26
35 54
191 96
4 8
7 14
36 72
29 54
23 46
106 90
99 84
18 34
11 22
63 90
95 92
56 64
140 88
31 56
2 4
196 88
294 130
30 50
9 18
144 104
54 76
8 16
161 78
162 70
158 102
112 100
173 76
93 94
135 84
131 96
31 48
22 32
165 70
201 82
155 86
14 28
110 100
188 78
4 8
26 48
116 96
11 22
1 2
21 40
30 54
19 36
152 86
103 90
141 100
45 82
20 34
164 82
116 100
6 12
24 40
101 72
46 56
15 26
40 52
187 58
19 32
91 86
79 76
197 64
96 104
125 90
185 56
94 112
3 6
1 2
105 86
164 88
14 28
182 78
190 66
198 62
68 76
196 62
17 32
75 92
195 64
99 116
49 62
51 76
207 78
28 50
31 52
17 34
185 56
100 94
114 92
23 38
164 80
55 60
6 12
21 42
130 102
188 64
186 64
34 52
41 46
28 48
127 80
173 70
116 108
7 14
41 46
5 10
20 40
38 44
35 56
166 82
37 52
56 70
19 36
127 126
100 76
27 42
54 56
135 106
48 54
48 60
122 88
18 32
7 14
49 54
72 76
151 84
168 76
16 30
52 54
36 62
58 82
38 52
99 86
37 64
26 52
83 82
50 92
61 72
20 40
34 62
97 84
19 32
6 12
37 58
29 52
70 58
38 58
83 82
15 30
9 18
93 82
53 68
45 64
16 30
78 100
28 48
12 24
24 44
21 40
11 22
67 74
31 54
3 6
5 10
18 32
93 84
11 20
19 38
16 32
69 70
13 20
15 30
26 48
24 46
18 30
2 4
27 44
67 84
15 26
34 60
12 24
13 26
31 54
44 62
31 52
3 6
32 62
95 114
54 62
37 58
100 106
49 72
6 12
3 6
12 24
70 100
8 16
17 34
13 26
38 60
63 86
89 116
29 46
8 16
24 44
26 48
19 38
5 10
21 40
83 104
31 54
2 4
57 90
116 94
51 76
13 24
33 64
15 22
13 26
75 112
53 80
85 82
35 62
7 14
52 62
122 106
89 80
45 62
83 76
46 72
22 44
11 22
28 52
21 40
63 98
25 46
47 52
13 26
6 12
28 48
12 24
41 44
14 26
34 64
57 72
6 12
27 52
6 12
83 82
95 90
19 36
59 106
66 86
98 86
33 60
28 56
44 72
102 96
49 88
2 4
19 38
9 18
12 24
3 6
99 88
19 32
24 48
60 62
27 52
3 6
8 16
82 80
10 20
10 18
22 44
9 18
8 16
50 88
22 38
3 6
19 38
58 88
7 14
25 46
27 52
2 4
57 64
11 16
5 10
16 32
24 46
15 30
13 24
14 26
38 62
6 12
20 40
10 18
75 86
78 80
28 44
22 36
18 36
30 54
82 80
9 16
44 58
31 58
14 28
4 8
137 88
33 50
31 56
1 2
29 44
29 48
26 44
27 52
12 24
21 38
81 72
33 38
22 44
11 20
62 52
36 62
4 8
18 34
2 4
17 34
20 38
3 6
11 22
71 80
104 96
75 80
39 60
78 82
80 82
21 40
70 70
22 40
42 66
76 78
73 90
47 66
52 86
14 24
104 88
11 22
16 26
66 80
45 76
10 20
15 22
6 12
4 8
10 20
40 64
15 30
19 34
88 82
22 40
29 54
8 16
61 92
9 18
50 80
54 66
8 16
6 12
11 20
77 98
7 14
8 16
72 106
74 82
92 80
32 54
27 36
77 76
83 88
69 76
61 76
75 88
41 70
91 108
87 84
18 32
20 28
70 64
74 84
40 72
3 6
16 32
40 68
79 78
10 20
92 102
86 92
48 74
8 16
53 84
40 62
14 26
20 40
12 24
60 84
63 92
20 38
69 62
64 76
11 22
10 20
82 88
106 92
54 84
59 100
17 32
21 42
20 40
48 74
102 108
3 6
34 54
13 22
44 74
96 94
14 28
42 74
17 32
92 92
11 20
19 38
4 8
18 32
17 34
107 96
22 40
13 22
71 86
44 50
4 8
17 28
73 82
59 76
3 6
41 74
33 56
25 50
18 34
5 10
23 40
15 26
17 32
24 46
60 74
100 86
27 46
63 84
58 72
13 24
61 52
72 82
56 80
65 82
15 30
39 72
14 28
3 6
30 56
91 94
35 64
72 98
4 8
53 72
43 74
2 4
24 46
16 28
19 38
32 60
42 84
11 22
24 46
43 64
10 20
29 48
70 106
30 56
70 88
37 62
50 48
80 82
35 62
14 28
54 88
96 94
66 100
12 24
52 68
8 16
1 2
22 38
88 86
43 78
90 78
38 60
3 6
88 98
22 40
51 70
27 50
20 36
17 30
6 12
8 16
37 68
50 68
15 26
76 62
16 30
101 98
50 80
10 20
83 96
6 12
78 98
17 34
15 30
5 10
78 102
14 26
32 62
11 20
64 64
53 62
14 28
13 26
16 32
16 30
62 68
1 2
46 74
62 90
6 12
23 44
86 124
55 88
99 70
39 70
28 54
25 46
116 78
10 20
76 104
52 70
37 60
51 72
10 20
52 78
108 112
6 12
11 22
16 30
7 14
15 28
76 74
41 74
65 68
10 20
34 58
122 88
49 52
20 36
83 102
12 24
62 72
51 88
63 68
18 34
17 32
52 82
12 24
68 72
46 74
61 86
103 94
63 108
44 78
69 84
71 76
4 8
9 18
33 52
30 56
2 4
8 16
6 12
10 20
35 60
13 26
8 16
84 66
10 20
2 4
35 62
62 96
49 68
19 36
21 42
71 108
11 22
56 66
4 8
16 32
69 94
61 62
5 10
30 54
66 78
89 102
14 28
85 82
11 22
91 102
12 20
13 20
15 30
52 80
7 14
30 56
6 12
57 76
23 38
10 18
7 12
38 62
17 34
48 68
61 58
25 46
19 36
72 100
18 36
74 90
6 12
27 48
41 74
25 44
68 100
8 16
8 16
68 90
1 2
61 90
80 100
23 46
34 58
51 80
19 36
12 22
40 68
16 30
27 50
17 32
72 84
40 64
8 16
86 112
22 38
11 22
92 72
11 20
31 58
47 64
15 30
51 54
41 66
15 30
24 44
14 28
25 50
35 64
36 68
63 104
25 46
7 14
6 12
9 18
39 70
54 78
26 50
15 28
23 42
55 68
28 48
79 76
5 10
36 56
14 28
1 2
28 50
105 78
63 86
33 58
8 16
21 36
28 52
41 56
62 58
66 90
19 34
15 30
27 48
14 26
14 20
14 28
66 56
31 60
14 28
34 58
9 18
86 78
51 76
12 24
32 48
63 92
42 62
47 80
31 62
28 54
54 84
24 48
58 96
31 44
48 60
8 16
72 64
2 4
9 18
6 12
5 10
44 78
26 48
63 102
29 54
20 38
71 64
19 30
25 46
107 100
12 22
2 4
16 30
70 70
27 42
23 42
48 70
48 70
19 36
5 8
119 96
12 24
60 68
23 44
46 70
41 66
63 52
45 82
60 98
18 36
40 60
67 108
36 66
35 60
5 10
22 40
19 38
9 18
18 30
5 10
11 22
17 32
32 58
16 28
14 28
39 44
7 14
20 36
26 50
113 130
69 100
8 16
7 14
87 106
19 32
16 32
50 80
18 36
19 38
93 102
36 66
62 90
7 14
9 18
65 92
7 14
24 38
9 16
73 86
16 26
31 58
68 104
14 28
76 82
65 90
35 64
76 70
84 72
12 24
82 108
84 78
13 26
62 102
9 18
54 62
20 32
15 24
11 18
18 30
74 106
14 28
75 80
131 82
49 68
46 70
62 92
11 18
9 18
43 70
6 12
15 24
7 14
17 30
16 28
3 6
8 16
31 54
60 82
25 38
21 38
54 50
17 30
17 30
49 64
53 82
52 86
97 104
10 20
7 10
25 44
53 68
17 34
19 38
31 58
38 66
76 104
115 98
8 16
37 66
35 60
8 16
15 28
52 76
18 32
13 24
70 94
2 4
2 4
16 32
16 26
62 96
45 60
3 6
18 36
29 54
53 50
89 94
10 20
63 60
23 36
20 38
40 66
16 28
7 14
10 20
113 98
9 16
8 16
5 10
21 42
23 44
6 12
65 88
107 90
49 70
7 14
547 32
24 38
9 18
26 48
6 12
45 52
22 42
5 10
7 14
11 22
6 12
47 68
45 60
18 32
1 2
16 28
1 2
14 24
38 46
51 58
6 12
20 32
15 30
28 52
8 16
20 34
24 34
31 56
16 30
26 46
3 6
29 52
28 48
16 30
25 46
15 26
17 30
18 32
32 58
15 28
6 12
17 34
15 26
25 34
14 24
13 24
13 26
15 30
19 36
30 42
10 18
47 50
5 10
15 30
23 40
9 16
19 32
4 8
56 82
19 30
24 42
18 28
21 40
20 38
50 54
8 16
13 24
8 14
25 44
48 62
9 18
24 46
22 38
20 36
22 42
13 24
6 12
41 58
11 22
14 24
17 28
33 50
17 32
10 20
58 78
9 16
14 24
16 28
36 56
30 56
23 40
36 50
35 56
8 14
9 18
15 28
15 28
23 42
19 36
11 20
4 8
20 34
10 20
34 48
12 24
33 56
10 18
5 10
83 86
16 32
13 22
8 14
15 28
19 36
9 16
7 14
33 50
21 38
20 34
13 24
31 50
38 50
27 46
3 6
14 28
15 26
17 34
17 32
4 8
9 18
14 26
35 58
26 40
1 2
17 30
8 14
22 42
15 24
3 6
42 62
52 70
24 40
16 30
9 18
12 24
3 6
10 20
49 72
8 16
44 56
17 34
4 8
2 4
27 44
19 30
13 22
47 50
12 24
14 24
86 90
3 6
11 20
33 46
7 14
21 34
17 28
9 18
76 92
39 64
5 10
8 16
19 32
27 38
15 30
57 66
19 36
15 26
10 20
20 36
12 24
33 62
20 34
4 8
16 26
11 22
12 22
19 34
14 28
37 48
8 16
19 34
23 40
37 46
13 26
10 20
6 12
65 70
22 40
27 44
25 44
5 10
11 22
12 24
42 66
10 20
23 42
24 44
13 24
18 36
17 26
8 16
21 38
15 26
1 2
32 46
7 14
4 8
12 24
15 30
22 34
13 24
16 28
10 20
6 12
6 12
17 34
14 24
10 20
6 12
9 16
23 40
11 20
7 14
22 40
9 18
47 80
4 8
38 62
14 26
5 10
50 72
5 10
13 26
43 70
10 20
9 16
17 28
67 86
15 26
4 8
33 48
2 4
3 6
26 50
3 6
38 48
29 42
5 10
15 28
15 30
21 34
18 32
3 6
7 14
15 28
38 54
15 26
2 4
38 64
25 38
24 34
15 28
1 2
26 38
29 46
8 14
26 42
26 40
14 26
7 14
3 6
27 38
23 40
10 20
30 44
33 40
8 16
6 12
19 32
15 30
6 12
28 46
1 2
28 44
40 62
2 4
3 6
49 60
16 26
12 24
39 60
30 50
15 28
27 42
18 34
5 10
19 32
3 6
6 10
2 4
22 42
1 2
6 12
29 48
6 12
19 38
25 36
8 16
8 16
61 78
17 30
44 60
19 36
17 32
21 40
17 32
12 24
29 54
4 8
10 20
10 18
23 42
13 24
10 20
7 14
8 16
14 20
18 32
9 18
19 36
10 20
13 26
19 38
16 30
4 8
32 56
13 26
12 24
19 34
21 36
5 10
12 18
8 16
45 68
21 40
15 26
49 68
35 48
5 10
11 18
43 62
1 2
14 28
49 68
3 6
16 30
21 38
49 68
5 10
6 12
2 4
2 4
16 30
35 50
3 6
7 14
7 14
8 16
15 22
3 6
12 24
14 28
13 26
1 2
26 50
30 48
14 26
50 62
27 52
32 48
8 14
28 44
37 66
108 80
25 48
12 20
32 48
7 14
26 42
22 38
17 32
61 76
5 8
12 20
33 50
41 60
8 16
5 10
20 38
2 4
13 24
6 12
5 10
20 38
59 70
22 42
1 2
2 4
15 28
1 2
11 22
32 46
6 12
37 58
16 32
19 32
11 22
7 14
4 8
19 34
26 38
18 32
32 50
26 46
8 16
14 28
38 58
14 26
2 4
9 18
55 76
10 20
2 4
10 20
18 36
4 8
15 28
34 52
2 4
29 42
5 10
10 18
15 28
5 10
24 40
13 24
6 12
9 18
13 26
21 32
4 8
16 28
7 14
34 56
8 16
42 56
18 30
7 14
8 16
44 62
26 42
7 14
22 40
4 8
7 14
15 26
18 32
8 16
22 38
7 14
15 28
31 52
12 24
16 32
30 48
2 4
7 14
41 50
5 10
43 64
24 44
3 6
15 28
47 72
22 38
8 16
22 42
10 18
1 2
6 12
14 26
83 76
4 8
11 22
7 14
2 4
25 36
13 24
34 54
4 8
32 54
59 68
12 24
16 32
35 40
4 8
4 8
4 8
3 6
24 46
18 34
9 18
2 4
17 34
7 14
39 50
6 12
15 30
4 8
47 70
16 32
46 60
25 42
6 12
47 72
18 32
8 14
1 2
15 30
15 28
6 12
4 8
12 24
59 78
8 16
14 28
2 4
1 2
6 12
9 16
2 4
7 14
6 12
4 8
3 6
3 6
6 12
11 22
9 16
4 8
11 22
14 26
4 8
9 14
2 4
7 14
5 10
10 18
3 6
2 4
4 8
1 2
10 20
1 2
4 8
2 4
6 12
12 22
1 2
4 8
9 16
7 14
8 16
8 16
11 22
1 2
18 34
1 2
4 8
9 16
7 14
2 4
2 4
19 36
11 22
2 4
3 6
2 4
1 2
2 4
4 8
9 16
