347 50
17 32
10 20
17 28
10 18
13 24
6 12
20 34
8 16
57 64
10 16
1 2
1 2
31 46
15 26
1 2
9 16
13 24
1 2
16 30
15 28
65 72
11 18
17 30
16 26
69 72
68 66
5 10
13 22
13 24
17 30
23 40
6 12
2 4
5 10
2 4
11 18
1 2
9 18
15 28
44 64
24 36
2 4
1 2
6 12
12 22
5 10
2 4
22 40
4 8
11 20
7 14
2 4
31 48
8 16
17 26
78 78
15 24
12 24
19 30
8 16
3 6
26 44
6 10
7 14
12 22
15 24
76 66
9 18
10 16
2 4
3 6
24 38
10 20
1 2
14 26
3 6
6 12
9 18
12 22
23 38
3 6
34 48
7 14
13 26
14 26
6 12
13 24
20 36
8 14
2 4
8 16
21 34
8 16
22 28
6 12
9 18
3 6
49 58
13 22
9 18
19 28
6 12
16 30
32 48
14 20
8 16
1045 40
13 26
37 50
5 10
14 24
3 6
40 58
1 2
21 34
17 30
6 12
36 54
62 84
4 8
12 20
63 64
18 26
4 8
4 8
7 14
16 26
28 44
7 14
16 30
7 14
16 28
18 30
19 32
10 16
133 114
16 32
2 4
9 18
11 20
28 46
43 42
12 22
15 26
2 4
10 20
6 12
20 32
14 26
11 22
7 12
5 10
2 4
2 4
3 6
12 22
3 6
25 38
14 28
2 4
25 38
8 16
6 12
3 6
11 22
4 8
7 14
11 18
38 48
46 58
22 44
41 58
12 24
4 8
17 30
14 26
11 18
13 26
3 6
20 30
10 18
3 6
2 4
18 30
26 28
44 60
16 26
48 58
7 14
4 8
3 6
5 10
5 10
19 28
9 16
13 20
16 26
12 18
47 60
57 58
4 8
4 8
57 64
22 32
2 4
4 8
3 6
7 12
1 2
1 2
30 40
18 26
39 60
17 30
1 2
2 4
8 16
9 16
6 12
4 8
8 14
11 22
27 40
28 44
10 18
14 26
15 26
3 6
6 12
9 18
21 34
25 40
2 4
2 4
5 10
37 60
7 14
23 34
59 66
3 6
2 4
24 38
8 14
2 4
5 10
14 24
3 6
21 34
24 38
5 10
14 24
65 58
3 6
17 26
2 4
2 4
18 30
15 30
8 16
8 16
38 52
4 8
7 14
5 10
27 38
18 26
2 4
11 18
6 12
4 8
73 68
45 66
9 18
14 28
10 18
18 30
65 80
10 20
2 4
43 54
16 26
2 4
5 10
16 28
47 66
2 4
1 2
4 6
4 8
14 20
36 56
1 2
3 6
3 6
10 20
7 14
25 34
11 18
20 32
7 14
3 6
20 32
21 38
55 74
2 4
9 16
4 8
24 38
10 20
13 24
7 14
26 38
37 50
13 26
56 74
2 4
7 14
11 22
8 16
21 34
3 6
72 64
39 44
26 48
39 44
19 28
4 8
9 16
30 56
16 24
20 34
43 58
8 14
28 46
1 2
3 6
9 18
7 14
27 50
6 12
12 22
34 48
18 32
9 16
16 28
27 34
7 14
229 72
5 10
21 40
5 10
23 38
102 98
26 42
39 56
3 6
18 32
1 2
26 40
43 56
23 36
19 34
96 110
9 12
6 12
97 100
32 50
34 56
26 46
71 92
5 10
17 34
94 90
68 76
17 28
133 102
2 4
62 72
2 4
11 20
12 20
12 20
3 6
4 8
8 16
3 6
36 58
38 52
48 68
6 10
61 66
39 34
7 12
36 62
77 98
27 42
47 78
33 52
8 12
73 82
2 4
57 72
20 32
51 58
11 22
4 8
15 26
55 70
34 52
15 26
3 6
99 82
17 24
159 100
26 44
21 38
62 72
23 30
57 76
34 58
25 48
60 86
57 64
17 28
19 34
18 34
9 18
115 126
10 16
38 56
71 78
55 74
10 18
33 56
10 20
60 76
10 18
71 84
43 58
14 24
8 12
12 22
2 4
47 72
27 42
18 28
1 2
3 6
10 20
22 34
25 38
42 54
5 10
3 6
37 62
61 74
20 34
26 44
10 18
66 86
53 66
19 32
43 66
5 10
78 88
9 16
4 8
2 4
22 40
16 26
31 48
5 10
32 54
20 30
122 98
6 10
12 20
8 16
37 52
7 14
27 42
34 52
231 66
107 119
5 10
16 26
33 50
28 46
24 34
13 24
11 20
65 68
56 70
23 36
23 40
40 58
83 82
6 12
3 6
83 96
8 10
11 20
58 72
43 66
13 22
72 86
65 82
16 32
15 26
26 44
30 54
29 50
89 100
64 72
61 84
20 36
104 106
19 30
25 40
50 72
15 24
11 20
43 62
64 74
69 74
98 121
46 52
13 24
9 18
4 8
40 56
10 18
6 12
8 16
12 22
22 32
40 48
87 102
22 38
8 16
10 20
58 72
21 42
67 86
46 68
30 50
32 46
32 42
7 14
1 2
17 26
4 8
85 102
18 32
38 58
48 74
37 48
20 38
83 72
30 42
81 84
5 10
91 120
9 16
20 34
85 86
63 92
12 18
15 26
35 56
3 6
4 8
32 40
11 20
12 22
14 22
22 26
24 30
39 52
84 80
2 4
21 22
25 32
15 28
1 2
7 12
10 16
14 24
21 34
14 28
46 56
41 46
5 10
8 16
19 26
46 86
22 36
16 28
23 30
24 32
25 48
1 2
18 32
35 48
18 34
91 110
1 2
1 2
30 52
5 10
16 26
15 28
1 2
32 50
24 30
19 36
25 42
24 34
26 38
20 36
7 14
13 24
17 28
1 2
21 30
14 26
24 30
12 18
11 22
39 58
11 20
22 28
15 24
16 28
22 26
25 40
115 110
1 2
11 18
23 28
66 86
2 4
24 28
25 44
29 40
13 22
19 26
2 4
5 10
22 28
73 84
4 8
28 44
33 48
6 12
3 6
7 14
24 30
24 30
3 4
24 30
24 30
9 18
17 24
18 24
18 32
3 6
1 2
34 36
23 28
5 10
8 16
4 8
1 2
23 28
18 34
22 34
26 42
7 12
27 38
23 30
13 24
33 44
20 30
17 30
170 60
28 50
45 58
8 14
9 18
6 8
1 2
14 22
54 60
41 54
31 44
52 64
68 66
2 4
7 14
21 34
8 16
43 56
5 10
69 80
18 26
10 18
29 48
17 28
8 16
20 32
13 24
71 66
14 24
10 18
12 24
4 8
30 48
64 66
18 34
5 10
14 26
12 22
47 46
8 14
36 36
26 38
38 52
13 24
15 30
26 30
14 28
8 16
23 38
5 10
14 24
16 28
25 40
29 46
8 16
17 34
12 20
3 4
2 4
57 62
9 16
57 72
19 36
2 4
2 4
12 22
38 46
13 24
30 48
19 32
10 18
4 8
20 34
10 18
30 36
8 16
13 22
14 28
28 46
14 22
35 46
8 16
14 26
15 28
27 46
15 30
18 30
36 50
37 56
2 4
9 16
18 34
16 26
18 28
34 48
52 58
13 26
18 34
40 56
3 6
9 14
29 50
4 8
13 22
4 8
7 12
23 42
20 38
14 28
18 32
7 14
26 46
7 14
12 22
37 46
1 2
5 8
20 40
16 30
66 62
15 28
20 34
9 18
18 36
32 44
9 16
8 16
10 18
26 40
39 48
9 14
24 42
16 30
37 54
38 58
9 16
15 28
56 64
58 58
6 12
11 18
45 56
79 58
34 52
55 58
15 28
4 8
15 26
43 40
20 30
12 22
13 26
22 34
15 28
27 40
2 4
37 48
13 24
14 20
23 34
6 12
27 40
21 34
30 48
10 20
4 8
4 8
44 48
3 6
4 8
39 58
12 20
5 8
2 4
2 4
10 20
24 36
11 20
5 10
4 8
5 8
8 14
4 8
7 12
7 10
7 10
7 14
6 10
7 14
1 2
11 20
4 8
10 20
6 12
8 16
7 12
8 16
1 2
4 8
9 14
8 14
6 10
9 18
13 26
7 14
1 2
1 2
4 8
4 8
6 12
126 72
66 100
38 42
3 6
13 24
34 30
46 50
34 32
3 6
17 32
78 99
13 24
32 40
12 20
5 10
1 2
9 18
44 77
16 32
35 54
147 137
130 104
1 2
29 42
13 26
106 103
30 48
8 16
45 64
167 109
21 42
75 99
9 18
5 10
52 58
15 30
63 89
25 40
82 87
7 14
37 42
7 14
29 32
17 26
17 34
54 70
65 50
12 20
37 44
4 8
166 124
115 107
38 58
23 32
10 20
20 38
84 85
109 125
55 68
10 18
10 18
65 66
24 32
46 67
103 101
13 26
27 48
33 30
26 42
16 24
115 88
107 134
40 70
32 42
15 22
34 50
21 29
18 32
11 20
54 60
24 38
26 44
104 111
10 20
128 115
47 60
68 88
62 71
42 48
7 14
11 20
6 12
41 56
35 54
29 48
19 38
31 30
154 124
27 46
66 93
4 8
96 89
9 18
77 81
16 30
39 64
4 6
95 115
120 95
14 24
142 110
16 30
8 16
57 72
36 54
32 46
32 50
12 22
99 90
36 54
9 16
149 107
51 54
58 66
58 58
61 62
4 8
9 18
85 91
29 44
80 97
3 6
67 82
79 111
11 18
4 8
79 66
17 28
3 6
26 46
58 60
37 52
5 10
27 48
67 77
48 48
15 26
12 20
28 42
12 20
3 6
65 92
106 115
82 91
11 18
46 60
63 74
8 16
54 69
14 24
65 89
5 10
7 14
165 110
51 62
10 20
22 38
22 29
27 42
2 4
68 58
76 72
49 69
21 31
78 98
3 6
26 38
10 20
63 90
80 93
142 111
15 26
183 98
123 97
60 72
30 44
57 64
106 89
15 28
66 68
205 136
7 14
14 24
14 24
13 26
20 36
50 79
9 18
11 22
24 44
1 2
36 32
23 40
56 46
64 66
123 110
51 48
8 14
109 88
4 8
27 46
141 122
43 42
38 52
70 101
9 14
54 67
47 52
38 54
36 46
29 47
122 111
35 28
1 2
51 64
24 40
49 52
71 106
130 134
117 100
198 117
21 34
98 115
60 50
66 78
32 46
142 100
6 12
11 22
68 87
33 40
29 30
14 26
24 40
9 16
18 30
33 50
14 28
21 34
1 2
147 110
5 10
65 72
102 113
14 28
6 12
17 32
139 89
9 16
45 68
99 113
5 10
66 74
61 72
88 97
19 36
8 16
100 78
27 42
26 50
57 60
28 46
6 10
19 30
36 66
24 44
113 105
115 123
18 30
132 130
2 4
15 28
13 24
45 60
45 63
89 81
66 82
34 56
158 107
156 101
17 24
20 26
32 46
38 52
39 42
110 111
97 78
9 18
4 8
49 68
26 48
15 28
83 87
217 104
4 8
58 71
9 18
8 16
107 82
102 109
1 2
72 77
3 6
76 81
40 58
173 109
26 40
20 36
114 109
43 62
36 32
47 82
11 20
54 73
9 17
71 90
142 126
22 40
2 4
30 44
35 54
84 78
23 40
47 62
125 115
74 74
29 30
2 4
15 26
107 66
43 62
60 70
152 112
9 18
7 12
20 32
93 87
112 94
12 24
40 38
35 58
24 48
8 16
15 24
137 106
12 16
3 6
3 6
6 10
124 104
135 110
55 64
42 74
47 52
38 50
68 64
2 4
6 12
5 10
31 54
13 26
120 110
11 22
126 121
2 4
96 77
84 105
64 82
25 42
57 72
2 4
124 82
36 57
44 48
76 97
41 46
68 64
32 58
60 74
55 55
23 38
66 86
92 91
85 102
87 100
113 104
55 62
48 72
22 40
5 10
25 42
6 10
71 70
31 44
31 44
6 12
107 86
48 60
38 54
104 123
26 38
31 40
20 36
43 48
27 42
24 40
80 93
34 50
26 30
44 60
32 40
21 42
41 54
27 24
64 58
25 46
90 78
77 89
40 46
18 30
2 4
49 88
20 34
136 126
122 103
146 132
42 60
33 28
100 126
128 106
55 63
36 60
68 80
100 101
63 78
123 103
10 20
37 64
91 77
97 76
5 10
74 82
37 36
42 50
33 58
67 75
234 99
3 6
5 10
37 54
20 36
31 60
77 58
84 103
37 54
137 137
3 6
21 24
12 22
42 72
66 90
166 106
10 20
53 88
112 75
37 46
7 14
73 70
42 52
74 87
182 104
190 122
32 30
51 54
85 86
27 38
41 44
4 8
12 24
15 30
1 2
9 16
84 87
46 74
193 95
175 124
37 52
53 84
2 4
2 4
54 44
16 26
44 68
178 113
22 30
12 22
74 93
9 16
50 52
50 80
31 46
37 58
34 60
106 139
21 34
10 20
22 44
60 66
8 16
30 48
111 83
5 10
21 40
24 48
148 114
24 38
14 28
61 74
19 22
34 62
64 66
66 96
29 46
38 62
2 4
220 110
55 78
23 26
15 26
56 98
30 54
56 90
34 44
21 36
28 48
16 30
5 10
9 18
32 56
9 16
36 52
142 121
52 56
90 105
23 40
31 46
34 28
28 50
52 56
5 10
132 95
62 69
33 62
102 80
46 80
8 16
84 60
10 20
26 48
108 104
1 2
124 118
31 30
57 72
71 85
169 112
90 82
54 96
4 6
72 78
5 10
9 18
17 30
84 74
93 120
17 32
49 56
96 93
22 44
47 88
5 8
63 89
135 112
22 36
9 18
125 107
13 26
26 30
26 36
67 62
48 60
29 51
6 12
12 22
29 46
18 32
70 90
28 48
58 72
59 90
8 14
37 50
33 38
131 108
4 8
30 46
34 48
52 90
35 48
69 86
159 101
36 59
14 26
33 58
117 106
6 12
156 114
69 110
41 67
57 82
22 38
12 24
70 96
42 76
105 90
22 44
39 56
35 32
33 56
64 85
82 88
19 38
72 108
79 94
69 110
33 38
55 75
33 52
15 30
43 74
3 6
122 102
38 36
49 74
38 50
171 110
7 12
37 66
160 113
35 42
25 36
151 117
2 4
186 111
1 2
25 46
10 18
112 120
16 28
44 58
20 38
33 36
29 24
48 82
124 116
60 75
43 55
89 86
67 76
20 40
66 60
170 92
36 54
5 10
83 101
1 2
41 34
97 76
211 134
20 36
3 6
53 54
23 34
205 96
88 126
95 86
25 32
32 50
16 30
39 56
77 64
112 99
136 119
11 20
117 117
32 28
12 24
145 101
148 137
90 94
31 40
5 10
117 109
92 101
179 102
72 66
190 94
182 122
71 105
24 34
50 50
117 139
24 43
114 87
128 138
189 115
177 131
100 95
35 46
25 38
37 70
3 6
82 70
22 30
67 84
9 16
79 103
23 34
38 48
34 48
77 76
99 103
34 44
78 104
8 14
14 24
28 52
100 84
69 91
56 56
18 36
50 60
25 32
35 50
21 40
4 6
81 99
74 79
7 14
56 58
34 62
5 10
19 36
82 91
24 42
80 76
146 105
235 96
6 10
127 104
36 66
27 36
122 96
137 115
11 22
32 50
25 42
40 52
25 40
117 109
16 32
36 56
18 36
27 40
61 62
25 40
38 52
123 105
792 30
93 107
35 54
43 56
95 124
124 94
2 4
60 66
50 72
3 6
34 52
30 44
12 24
8 16
19 28
42 64
17 28
7 14
45 80
70 86
25 42
27 36
42 62
185 92
10 16
62 62
15 30
5 10
105 99
4 8
187 94
65 70
60 78
139 138
155 152
19 28
49 60
115 89
56 81
49 71
59 73
51 86
21 40
32 58
32 44
80 66
226 96
8 16
48 48
38 32
49 72
109 107
156 96
79 79
26 50
14 22
37 42
104 118
79 70
26 44
37 48
19 36
202 98
22 24
13 22
13 26
126 101
50 42
115 101
82 86
57 94
2 4
16 28
131 116
27 54
6 12
3 6
121 118
4 8
32 40
25 44
66 78
40 48
36 46
209 121
25 48
47 64
20 34
61 85
23 36
40 72
8 16
5 10
5 10
38 58
22 40
20 40
26 44
67 89
121 108
17 26
30 54
97 74
38 36
10 16
103 103
38 66
131 122
6 12
145 120
57 88
89 90
71 83
5 10
34 30
152 101
245 100
23 38
12 20
25 38
195 96
22 40
32 48
51 90
14 28
113 94
102 101
63 76
44 46
156 122
10 20
24 36
131 102
15 26
30 58
88 87
67 60
27 50
12 22
127 109
58 60
29 44
102 96
201 109
56 72
16 28
16 32
42 62
46 57
191 96
1 2
182 115
25 48
38 32
6 12
165 110
10 20
49 52
119 109
40 66
70 84
101 131
38 68
26 42
36 42
119 100
29 52
42 71
22 44
12 22
2 4
6 12
4 8
73 74
29 54
46 60
17 34
99 106
54 64
49 84
107 114
8 16
31 42
123 106
121 103
15 26
23 38
82 70
50 62
41 56
13 24
28 52
56 66
64 91
35 48
150 104
32 34
53 93
51 60
18 24
32 48
28 56
105 115
11 20
254 88
15 30
6 12
71 98
12 20
83 76
63 68
37 30
9 18
36 62
101 89
79 84
26 43
14 26
130 97
40 58
30 40
11 18
22 36
30 42
10 18
41 75
31 48
39 70
755 50
19 38
47 42
11 18
79 78
190 62
161 86
55 48
123 80
40 50
15 28
56 82
6 12
125 98
134 114
55 50
23 36
151 76
13 26
39 42
95 66
11 22
12 24
50 48
22 38
4 8
189 60
79 86
93 80
223 116
39 66
192 64
29 46
146 84
191 60
120 88
108 60
8 16
12 22
64 46
17 32
123 90
93 102
92 90
8 14
39 48
34 42
120 96
43 52
7 12
187 60
86 98
96 102
20 34
172 96
2 4
35 46
4 8
72 92
176 74
70 62
65 56
7 14
36 54
39 56
9 18
15 24
176 74
57 46
55 68
19 38
199 76
178 80
224 96
153 86
36 60
24 40
87 90
20 36
49 48
15 26
203 50
64 66
63 48
4 8
135 90
54 48
34 44
33 40
60 50
85 92
48 60
50 54
155 86
52 48
171 122
7 12
45 60
84 68
40 50
15 20
9 14
10 20
5 10
18 30
7 14
55 52
19 34
158 68
31 54
50 46
25 38
53 48
30 40
96 100
44 46
106 70
34 58
187 60
53 72
147 84
173 62
8 16
30 44
21 34
173 102
123 106
112 80
152 98
8 16
96 82
174 78
25 42
176 70
123 90
205 110
17 34
37 60
23 32
9 18
106 72
115 104
163 90
73 86
115 108
42 64
76 108
193 46
106 116
48 48
76 98
141 98
186 62
26 52
9 16
33 52
141 94
168 88
13 22
123 76
129 96
195 54
162 76
48 68
17 30
126 92
204 46
1 2
9 18
172 94
18 32
147 98
141 116
30 52
136 88
156 74
198 54
23 40
189 52
34 46
43 66
177 82
7 12
154 92
21 38
38 46
117 94
16 26
6 12
71 92
132 104
184 72
181 56
11 22
4 8
37 68
164 74
135 96
43 56
184 78
160 92
10 20
15 28
136 96
65 74
142 124
188 60
15 28
23 40
158 84
146 88
203 52
169 84
121 86
54 70
112 86
92 118
38 54
11 22
198 60
94 100
159 100
85 94
88 76
74 96
49 70
138 76
178 68
171 80
24 36
221 86
102 96
78 80
43 64
24 44
41 66
90 70
128 88
192 66
86 76
18 34
139 62
160 86
41 66
27 48
39 44
10 18
48 40
24 40
82 82
15 26
31 58
92 100
128 80
9 18
5 10
3 6
109 88
18 32
66 48
193 64
30 52
120 92
8 12
117 98
11 16
3 6
94 102
114 84
17 34
8 14
134 80
186 72
17 30
18 32
148 70
194 52
113 110
168 76
88 66
41 46
14 28
109 78
1 2
110 68
22 42
55 68
175 96
173 74
190 52
49 48
100 98
4 8
14 24
210 42
22 38
22 42
36 52
98 100
54 68
140 94
103 102
27 40
58 80
133 94
13 24
205 54
5 10
195 48
41 54
46 68
116 110
129 78
42 48
51 82
7 14
32 54
207 66
5 10
36 54
71 100
222 74
29 48
70 92
37 56
124 86
13 24
44 76
201 52
119 76
40 70
59 70
200 50
7 12
95 96
122 114
18 34
19 32
109 108
9 18
10 14
157 94
90 94
10 18
7 12
155 88
49 68
55 76
20 34
129 82
14 18
7 10
75 100
11 22
234 72
83 90
130 112
1 2
15 24
180 68
29 40
91 82
35 44
185 60
154 92
16 30
174 78
129 94
59 72
9 18
154 82
161 96
56 48
55 76
24 38
68 82
21 40
160 108
184 52
17 30
142 96
54 70
122 84
23 38
34 54
38 44
17 32
155 86
122 94
10 20
123 100
29 54
66 74
16 30
113 94
141 86
156 74
199 64
23 38
51 76
16 32
85 74
19 32
73 70
10 20
36 52
37 50
122 98
16 26
7 14
46 72
183 66
197 72
79 108
180 66
125 110
166 112
124 96
48 52
190 62
103 86
160 106
139 110
34 56
150 92
35 40
109 86
182 62
198 50
26 42
28 42
79 68
121 100
52 82
36 48
291 112
151 86
18 30
28 48
110 74
168 64
86 90
177 72
30 54
172 62
13 26
6 12
147 74
12 24
45 68
25 34
167 74
65 48
55 44
36 58
50 76
79 88
197 60
158 82
36 50
105 92
12 22
168 66
6 12
179 74
94 94
50 48
36 62
3 6
176 62
2 4
24 42
188 100
57 78
139 80
50 74
6 12
28 54
49 62
72 94
92 102
32 50
95 92
179 72
69 86
35 52
108 106
77 84
19 36
21 36
15 28
17 32
170 84
20 38
36 54
89 106
153 80
178 74
207 62
32 54
31 54
17 32
183 60
41 58
37 54
70 84
117 96
109 116
81 80
8 16
5 10
165 78
11 18
36 54
18 32
25 44
191 70
86 116
146 94
5 10
28 38
147 82
91 94
27 32
94 78
5 10
68 84
10 18
34 50
4 8
3 6
23 44
16 26
70 70
161 78
49 48
33 48
46 82
12 24
109 100
10 18
14 26
16 28
16 28
8 16
1 2
99 88
46 60
169 64
124 86
96 114
126 72
202 38
60 62
11 20
130 100
177 142
135 80
1 2
132 72
77 98
49 68
26 46
97 82
36 54
113 100
93 112
46 54
27 46
3 6
160 96
3 6
126 92
137 104
18 28
9 16
39 58
108 98
15 28
121 96
178 66
6 12
39 44
145 88
22 40
25 42
94 96
93 114
181 58
76 94
43 72
16 28
151 90
5 10
124 96
201 50
98 78
134 100
138 100
140 92
105 118
15 24
9 16
13 24
88 100
6 10
48 72
35 60
165 80
141 94
14 28
17 28
13 24
35 56
191 102
4 8
7 12
36 66
29 56
23 42
106 110
99 82
18 32
11 20
63 94
95 86
56 60
140 82
31 56
2 4
196 68
294 104
30 50
9 16
144 102
54 80
8 16
161 58
162 70
158 88
112 102
173 64
93 88
135 68
131 96
31 50
22 30
165 78
201 70
155 98
14 26
110 94
188 68
4 8
26 46
116 72
11 22
1 2
21 36
30 52
19 38
152 80
103 114
141 108
45 76
20 36
164 76
116 100
6 12
24 46
101 80
46 56
15 28
40 42
187 52
19 28
91 80
79 72
197 56
96 104
125 92
185 52
94 98
3 6
1 2
105 90
164 78
14 26
182 74
190 54
198 62
68 78
196 58
17 34
75 86
195 58
99 100
49 54
51 80
207 76
28 50
31 46
17 32
185 64
100 88
114 100
23 40
164 80
55 50
6 12
21 36
130 92
188 58
186 54
34 36
41 50
28 46
127 92
173 72
116 102
7 14
41 44
5 10
20 36
38 50
35 58
166 68
37 40
56 60
19 34
127 118
100 74
27 40
54 58
135 92
48 48
48 54
122 82
18 32
7 14
49 62
72 72
151 72
168 76
16 32
52 42
36 44
58 68
38 48
99 88
37 56
26 42
83 64
50 82
61 66
20 40
34 64
97 76
19 32
6 12
37 54
29 42
70 68
38 68
83 64
15 30
9 16
93 84
53 72
45 68
16 30
78 84
28 40
12 24
24 44
21 38
11 22
67 76
31 56
3 6
5 10
18 36
93 84
11 20
19 36
16 30
69 66
13 22
15 30
26 38
24 44
18 32
2 4
27 46
67 84
15 30
34 52
12 24
13 22
31 54
44 64
31 48
3 6
32 62
95 126
54 54
37 66
100 86
49 72
6 12
3 6
12 24
70 82
8 14
17 34
13 26
38 56
63 76
89 70
29 42
8 16
24 36
26 52
19 38
5 8
21 38
83 86
31 56
2 4
57 74
116 92
51 72
13 26
33 56
15 26
13 24
75 94
53 68
85 64
35 66
7 14
52 68
122 96
89 76
45 50
83 80
46 66
22 42
11 20
28 44
21 40
63 80
25 44
47 54
13 26
6 12
28 52
12 22
41 50
14 24
34 58
57 54
6 12
27 48
6 12
83 58
95 98
19 26
59 88
66 82
98 74
33 62
28 52
44 68
102 94
49 82
2 4
19 36
9 18
12 24
3 6
99 94
19 32
24 46
60 64
27 42
3 6
8 16
82 76
10 16
10 20
22 42
9 16
8 16
50 78
22 36
3 6
19 36
58 76
7 14
25 50
27 50
2 4
57 56
11 22
5 10
16 32
24 44
15 30
13 26
14 28
38 52
6 12
20 40
10 20
75 68
78 78
28 36
22 32
18 36
30 54
82 86
9 18
44 56
31 62
14 28
4 8
137 62
33 56
31 54
1 2
29 40
29 50
26 50
27 50
12 24
21 42
81 78
33 50
22 34
11 22
62 74
36 58
4 8
18 36
2 4
17 32
20 38
3 6
11 20
71 70
104 110
75 70
39 58
78 72
80 72
21 42
70 80
22 42
42 70
76 66
73 78
47 70
52 66
14 24
104 82
11 22
16 28
66 68
45 80
10 20
15 24
6 12
4 8
10 20
40 56
15 28
19 34
88 84
22 38
29 44
8 12
61 82
9 18
50 74
54 58
8 14
6 10
11 18
77 94
7 12
8 16
72 100
74 82
92 74
32 50
27 40
77 86
83 76
69 60
61 70
75 74
41 68
91 98
87 74
18 28
20 30
70 72
74 72
40 66
3 6
16 28
40 60
79 74
10 18
92 78
86 96
48 54
8 14
53 66
40 68
14 28
20 36
12 24
60 68
63 78
20 40
69 66
64 70
11 22
10 20
82 74
106 76
54 78
59 100
17 30
21 32
20 38
48 74
102 94
3 6
34 54
13 24
44 70
96 82
14 26
42 68
17 30
92 72
11 20
19 36
4 8
18 36
17 32
107 84
22 34
13 24
71 82
44 52
4 8
17 28
73 74
59 64
3 6
41 66
33 42
25 42
18 32
5 10
23 40
15 26
17 34
24 46
60 54
100 64
27 40
63 74
58 70
13 24
61 60
72 78
56 68
65 84
15 28
39 70
14 28
3 6
30 58
91 80
35 62
72 90
4 8
53 76
43 70
2 4
24 42
16 28
19 36
32 58
42 70
11 22
24 44
43 58
10 20
29 52
70 98
30 44
70 94
37 72
50 54
80 60
35 56
14 28
54 70
96 90
66 94
12 24
52 54
8 16
1 2
22 34
88 68
43 68
90 78
38 64
3 6
88 92
22 32
51 54
27 44
20 38
17 30
6 12
8 14
37 60
50 56
15 30
76 64
16 32
101 86
50 70
10 18
83 74
6 12
78 68
17 32
15 28
5 10
78 80
14 26
32 46
11 22
64 50
53 56
14 28
13 26
16 22
16 28
62 68
1 2
46 70
62 82
6 12
23 36
86 90
55 76
99 62
39 56
28 50
25 48
116 76
10 20
76 82
52 56
37 50
51 80
10 18
52 84
108 70
6 12
11 22
16 32
7 12
15 28
76 62
41 64
65 66
10 20
34 58
122 84
49 56
20 34
83 82
12 22
62 76
51 82
63 54
18 34
17 34
52 78
12 22
68 86
46 72
61 70
103 90
63 96
44 66
69 84
71 70
4 8
9 18
33 44
30 56
2 4
8 16
6 12
10 20
35 56
13 24
8 14
84 64
10 20
2 4
35 52
62 104
49 66
19 36
21 34
71 114
11 22
56 62
4 8
16 32
69 80
61 72
5 10
30 54
66 64
89 102
14 28
85 94
11 22
91 120
12 24
13 26
15 26
52 64
7 14
30 50
6 12
57 70
23 40
10 18
7 14
38 54
17 30
48 66
61 64
25 42
19 36
72 78
18 36
74 74
6 12
27 40
41 58
25 44
68 84
8 14
8 14
68 94
1 2
61 86
80 90
23 42
34 56
51 80
19 34
12 22
40 66
16 30
27 44
17 30
72 78
40 62
8 16
86 120
22 40
11 18
92 68
11 20
31 52
47 70
15 28
51 60
41 60
15 30
24 42
14 28
25 48
35 60
36 60
63 106
25 50
7 14
6 12
9 16
39 70
54 66
26 46
15 26
23 40
55 76
28 48
79 60
5 10
36 52
14 28
1 2
28 42
105 68
63 80
33 54
8 16
21 34
28 50
41 60
62 60
66 86
19 32
15 30
27 38
14 26
14 26
14 26
66 64
31 56
14 28
34 40
9 18
86 66
51 84
12 24
32 50
63 94
42 62
47 70
31 58
28 48
54 78
24 36
58 100
31 54
48 60
8 16
72 78
2 4
9 18
6 12
5 10
44 64
26 34
63 96
29 56
20 36
71 62
19 34
25 50
107 96
12 22
2 4
16 26
70 58
27 40
23 40
48 72
48 80
19 38
5 8
119 78
12 24
60 68
23 40
46 64
41 66
63 60
45 76
60 86
18 30
40 60
67 110
36 62
35 66
5 10
22 40
19 38
9 16
18 34
5 10
11 18
17 34
32 60
16 28
14 28
39 52
7 14
20 34
26 50
113 96
69 88
8 16
7 14
87 98
19 32
16 32
50 92
18 36
19 38
93 100
36 66
62 72
7 12
9 18
65 88
7 14
24 44
9 16
73 74
16 32
31 52
68 102
14 28
76 72
65 94
35 52
76 70
84 66
12 24
82 90
84 74
13 22
62 96
9 16
54 68
20 32
15 26
11 20
18 30
74 114
14 28
75 82
131 78
49 66
46 68
62 80
11 18
9 18
43 64
6 12
15 24
7 12
17 34
16 30
3 6
8 14
31 48
60 64
25 32
21 38
54 58
17 34
17 32
49 60
53 88
52 74
97 86
10 20
7 14
25 42
53 58
17 28
19 36
31 56
38 68
76 86
115 102
8 16
37 52
35 60
8 14
15 30
52 84
18 32
13 22
70 96
2 4
2 4
16 32
16 28
62 88
45 60
3 6
18 30
29 50
53 62
89 96
10 20
63 72
23 36
20 34
40 74
16 28
7 12
10 18
113 88
9 18
8 16
5 10
21 42
23 40
6 12
65 78
107 84
49 64
7 14
547 22
24 40
9 18
26 44
6 10
45 46
22 40
5 10
7 14
11 22
6 12
47 54
45 58
18 32
1 2
16 32
1 2
14 26
38 34
51 56
6 12
20 30
15 28
28 44
8 14
20 34
24 36
31 54
16 24
26 48
3 6
29 46
28 46
16 28
25 44
15 28
17 28
18 34
32 44
15 24
6 12
17 22
15 24
25 46
14 26
13 24
13 24
15 26
19 32
30 34
10 18
47 48
5 10
15 28
23 38
9 18
19 28
4 8
56 70
19 38
24 34
18 26
21 36
20 30
50 52
8 16
13 26
8 16
25 42
48 56
9 18
24 42
22 28
20 40
22 38
13 22
6 12
41 50
11 22
14 24
17 32
33 42
17 26
10 20
58 58
9 16
14 26
16 26
36 54
30 52
23 34
36 46
35 60
8 14
9 18
15 30
15 30
23 40
19 36
11 20
4 8
20 28
10 20
34 58
12 18
33 44
10 18
5 10
83 68
16 28
13 26
8 16
15 26
19 36
9 16
7 12
33 40
21 38
20 36
13 26
31 40
38 50
27 50
3 6
14 28
15 24
17 30
17 32
4 8
9 18
14 24
35 48
26 34
1 2
17 28
8 16
22 36
15 26
3 6
42 58
52 58
24 32
16 26
9 18
12 18
3 6
10 18
49 66
8 16
44 56
17 22
4 8
2 4
27 42
19 26
13 26
47 42
12 20
14 24
86 78
3 6
11 20
33 42
7 14
21 34
17 32
9 18
76 84
39 52
5 8
8 16
19 28
27 40
15 26
57 56
19 36
15 24
10 18
20 30
12 24
33 62
20 30
4 8
16 24
11 20
12 24
19 26
14 26
37 64
8 16
19 34
23 34
37 42
13 26
10 20
6 12
65 64
22 40
27 46
25 32
5 10
11 22
12 20
42 58
10 18
23 40
24 38
13 26
18 32
17 30
8 16
21 38
15 26
1 2
32 48
7 14
4 8
12 20
15 20
22 34
13 22
16 30
10 16
6 12
6 12
17 32
14 22
10 16
6 12
9 16
23 38
11 22
7 14
22 32
9 18
47 68
4 8
38 50
14 24
5 10
50 58
5 10
13 26
43 52
10 20
9 16
17 32
67 84
15 28
4 8
33 48
2 4
3 6
26 46
3 6
38 54
29 42
5 10
15 26
15 22
21 32
18 34
3 6
7 14
15 26
38 48
15 22
2 4
38 56
25 34
24 36
15 22
1 2
26 34
29 48
8 16
26 36
26 38
14 22
7 14
3 6
27 36
23 38
10 20
30 42
33 34
8 16
6 12
19 28
15 28
6 12
28 42
1 2
28 36
40 50
2 4
3 6
49 56
16 28
12 20
39 50
30 50
15 20
27 36
18 28
5 10
19 28
3 6
6 12
2 4
22 36
1 2
6 12
29 44
6 12
19 36
25 26
8 16
8 16
61 70
17 26
44 54
19 30
17 30
21 38
17 30
12 20
29 52
4 8
10 16
10 20
23 32
13 20
10 20
7 14
8 16
14 24
18 30
9 18
19 30
10 20
13 24
19 36
16 32
4 8
32 42
13 18
12 24
19 26
21 30
5 10
12 22
8 16
45 58
21 30
15 26
49 62
35 46
5 8
11 20
43 62
1 2
14 28
49 62
3 6
16 28
21 36
49 62
5 10
6 12
2 4
2 4
16 28
35 46
3 6
7 12
7 14
8 16
15 22
3 6
12 22
14 24
13 20
1 2
26 52
30 46
14 28
50 60
27 46
32 52
8 16
28 46
37 60
108 54
25 44
12 24
32 40
7 14
26 36
22 36
17 28
61 60
5 10
12 22
33 46
41 60
8 16
5 10
20 34
2 4
13 26
6 12
5 10
20 34
59 60
22 40
1 2
2 4
15 28
1 2
11 20
32 40
6 12
37 48
16 32
19 30
11 20
7 14
4 8
19 34
26 36
18 26
32 50
26 44
8 16
14 24
38 62
14 22
2 4
9 14
55 68
10 20
2 4
10 18
18 32
4 8
15 24
34 46
2 4
29 46
5 10
10 18
15 22
5 10
24 42
13 22
6 12
9 18
13 26
21 32
4 8
16 28
7 8
34 50
8 16
42 58
18 34
7 14
8 16
44 58
26 40
7 14
22 38
4 8
7 14
15 24
18 26
8 16
22 40
7 14
15 22
31 46
12 20
16 20
30 44
2 4
7 14
41 44
5 10
43 54
24 46
3 6
15 28
47 66
22 40
8 16
22 34
10 18
1 2
6 12
14 28
83 68
4 8
11 20
7 14
2 4
25 38
13 26
34 50
4 8
32 44
59 70
12 20
16 30
35 48
4 8
4 8
4 8
3 6
24 42
18 30
9 16
2 4
17 24
7 14
39 52
6 12
15 22
4 8
47 64
16 26
46 68
25 42
6 12
47 64
18 32
8 16
1 2
15 26
15 28
6 12
4 8
12 24
59 34
8 14
14 26
2 4
1 2
6 10
9 16
2 4
7 12
6 12
4 8
3 6
3 4
6 10
11 22
9 16
4 8
11 20
14 26
4 8
9 18
2 4
7 14
5 10
10 18
3 6
2 4
4 8
1 2
10 16
1 2
4 8
2 4
6 12
12 22
1 2
4 8
9 18
7 12
8 16
8 16
11 20
1 2
18 32
1 2
4 8
9 16
7 14
2 4
2 4
19 28
11 22
2 4
3 6
2 4
1 2
2 4
4 8
9 18
