1238
1243
1584
1075
978
1639
1539
1877
1049
1209
1480
1091
1821
1063
1094
1310
1355
1052
1109
1428
1482
1435
2404
2020
2306
1577
2138
2592
2194
2191
2143
2498
2203
2254
2174
2337
2377
2243
2603
2132
2399
2294
2368
3261
3082
3321
2133
1912
2056
2563
2467
2237
2433
2212
2220
2485
2500
2484
2164
2165
2278
2501
2235
2390
2605
2195
2252
2437
2096
2155
2362
2310
2141
1990
2350
2387
2134
2516
2338
1920
2148
2643
2058
1964
1955
3411
3335
3267
3204
3386
2478
2069
2386
2654
2095
2430
2552
3118
3191
3233
2845
2931
3363
2754
2909
2910
2897
3052
3029
2915
3426
2839
3232
2755
2872
2757
3195
3226
3108
2916
3078
3158
3257
3200
2727
3048
2700
3091
3083
2688
2788
3308
3273
2934
2735
3286
2967
2889
3209
3020
2876
3124
3194
3046
3005
3403
3110
3289
3262
2809
2978
3080
2733
3178
3112
2900
3304
3184
3324
2763
2946
2741
2780
3272
3170
2991
2869
3419
3120
3038
3113
2828
2833
3132
3115
2951
3397
3169
2904
2783
2683
3084
2945
3085
2960
2969
3004
2777
3284
2676
2749
2867
2761
2775
3079
3179
3182
3350
3253
3117
3214
3017
2716
1300
1408
1763
1294
1870
1695
1773
1392
1464
1318
1001
936
1397
1142
1455
1508
1454
1018
1102
1661
917
1108
1824
1742
1261
1282
1503
1697
1889
979
1316
898
1241
1699
1217
3291
1985
2309
2482
2414
2615
2607
2030
1943
2593
2408
2492
2033
2468
2308
2354
2073
1938
2428
2326
2356
2300
2347
1963
526
1293
1219
1283
1187
1739
1533
903
1880
1837
1747
1137
963
991
1343
1062
1658
1045
1749
1144
950
1131
1259
1672
920
1249
1240
1346
1096
1713
1383
1264
1546
905
1900
959
1851
1477
937
1177
1678
1115
1379
1190
971
1014
1032
1828
1536
1369
1780
965
1896
1276
1050
1386
1005
1224
935
1542
932
913
1811
1470
1772
1580
1330
1205
1891
1485
1846
1513
1878
976
1543
1660
1400
1631
1561
1460
1704
964
1213
1836
1819
925
1603
1663
1888
1714
1185
1516
1199
1643
1683
1004
927
1334
1048
1528
1791
921
1520
1391
952
1810
1132
1447
997
1047
1255
1597
1491
1623
1003
1457
1130
1123
1909
1497
922
1843
1443
1278
1601
1885
1838
1762
1618
1670
1239
1265
1403
1065
1664
1814
1046
1562
1602
1564
1417
1550
1165
1193
996
1818
1387
1154
1027
900
914
1466
1792
1594
1206
1510
1252
1690
1372
1478
1743
1057
1738
1159
1042
1296
1385
939
911
1641
1544
1822
1147
1111
907
1892
1097
1216
988
1322
1284
1682
566
1574
1060
1273
1237
651
1166
1481
1451
1308
1244
1225
1188
1500
1651
1711
1093
1089
912
1693
1855
1301
1760
1297
1874
1364
1088
1803
1719
1588
1567
1307
1410
1434
1422
1775
1121
1037
1412
1246
1167
1782
2127
2259
2473
2572
2265
2565
2312
2393
2481
2470
2505
2493
2452
1974
2291
2366
2518
2065
2530
2274
2614
2402
2435
756
722
2571
2456
2358
2230
2041
2113
2263
2450
2454
2585
1933
2424
2405
2453
2185
2175
2205
2610
2242
2637
2534
313
252
3702
698
3495
3741
3550
3592
3840
3770
3549
3522
3547
3752
3665
3498
3850
3521
3743
3567
3610
3897
3856
3731
3858
3697
3656
3560
3639
3739
3445
3548
3888
3838
3852
3488
3930
3734
3448
3841
3577
3692
3886
3625
3467
3832
3516
3880
3669
3512
3458
3555
3684
3797
3651
3635
3611
3800
862
3945
3768
3634
3796
3777
3626
3489
3451
3825
3792
3815
3583
3676
3974
3688
3461
3699
3870
3643
3620
3857
3459
3881
3565
3801
3795
3562
3517
3574
3563
3744
3717
3552
3919
3970
3670
3538
3564
3718
3931
3810
3584
3623
3963
3709
3606
3798
3806
3834
3454
3572
3720
3530
3587
3843
3767
3865
3602
3696
3960
857
3863
3473
3874
3814
3603
3693
3557
3578
3804
3737
3640
3707
3450
3701
3619
3631
3908
3608
3876
3505
3579
3837
3789
3848
3711
3646
3648
3822
3969
3499
3479
3666
3647
3662
3536
3658
3730
3452
3528
3474
3466
3924
2330
2295
2355
2222
2529
2447
2640
2583
2000
2012
2025
2027
2494
2444
2569
2316
1988
2017
2403
1936
2548
2388
2618
2621
2558
2130
2375
2249
2383
2545
2570
2639
2519
2502
2417
1939
2443
2228
2100
1934
2439
2441
2067
2147
2303
1980
2659
2360
2048
1913
2182
2014
1922
2528
2431
1969
2397
2114
2535
2013
2415
2568
2531
2008
2349
2097
2192
770
805
1127
1258
1634
1299
1787
1785
1531
1452
1648
1333
1784
1319
1649
1418
1549
1462
1596
1158
1595
1751
954
1871
1515
984
1875
994
1404
1769
1354
1203
1197
1368
955
649
1883
926
1440
987
1353
1069
1393
1864
1390
1752
1416
1653
1796
1538
1465
107
1816
1722
1741
1029
1280
1522
1467
1175
1675
1613
1835
1352
1431
1746
1399
1799
1610
966
1712
1163
960
1598
1456
1302
1832
1271
1488
983
1402
1728
981
1347
1298
1859
1257
1120
1576
1067
1479
1716
1148
1899
1104
1277
1192
1475
1720
1324
1545
1487
414
1358
1882
930
1446
1740
1320
1692
1313
1122
1373
1893
1423
1345
1583
1872
1100
1647
1715
1036
1691
1764
1655
1862
1587
1229
1459
1231
1426
1082
1636
1873
1841
1381
1010
1236
1007
1337
1635
902
1292
1413
1363
1526
973
1317
1136
1384
1033
1064
1232
1118
1394
899
945
1802
1629
1270
1607
1254
915
1035
974
1852
1808
1593
1615
1517
1389
1272
1135
1269
1617
1149
1571
1221
1114
1492
1490
948
1425
1654
1245
1309
1099
1820
1020
1848
1303
1894
1812
1732
919
1396
942
1281
1406
1066
1382
1582
1638
1850
1706
1786
1680
1436
1444
517
580
213
276
207
117
23
52
54
64
346
248
48
257
126
44
177
294
310
99
172
118
342
546
487
527
525
482
515
503
560
417
388
374
544
553
412
514
370
395
542
473
456
471
446
671
169
1578
1338
1068
1285
1040
1336
1535
995
1173
1793
1530
1181
1734
1139
1624
629
1012
1673
1429
1427
1349
1625
420
1794
348
475
1709
1449
1668
1125
1879
1662
1827
1721
1250
1557
1079
1339
1735
1563
1608
1559
1335
1826
1126
1621
1659
0
67
2031
2318
2367
2296
2557
2036
1944
2023
2248
1949
1950
1919
1935
1921
2110
2288
1977
2480
2660
2647
2009
2633
1973
2364
2538
1951
2171
2378
2645
2022
2648
2277
2156
2146
2070
2448
2540
2371
2581
2497
2503
1998
1928
2459
2658
2595
2380
2479
2120
2286
2085
2622
2170
2421
2651
1956
2584
2401
1991
2006
2159
2341
2272
2231
2411
2562
2217
1965
2488
2342
2474
2173
1930
2080
2580
2208
2193
2644
2119
2160
2365
1972
2116
2297
2018
2440
804
724
2566
1923
2107
2612
2322
2425
2525
2416
2406
2445
2038
2589
2268
2215
2609
2039
2246
2196
2144
2028
2642
2608
2594
2026
1942
2657
2427
2641
1978
2587
1981
2438
1970
2089
2162
2422
2613
2321
1915
2457
1952
2483
2256
2219
2373
2260
2167
2432
2320
2044
2092
2576
2391
2539
2353
2567
2472
2327
1932
2533
2302
2042
2153
2336
2292
2398
2223
2471
2510
2032
2649
2289
2176
2465
2332
2420
2315
1994
2597
2665
2512
1684
1204
1726
1180
1327
1590
1761
947
1376
1800
1078
1823
1289
1198
1344
1737
1291
1305
1789
1652
1110
967
1614
1398
1092
906
1688
1724
1644
1242
1523
1407
1519
1705
1866
1806
1847
1537
1710
1038
1696
1030
1022
1905
1105
1208
1463
1342
1321
1575
1650
1263
1002
1218
1486
1840
1134
1498
1640
1169
977
1748
1325
1220
1476
1424
1200
1797
1474
1442
1212
1157
1119
943
1034
1268
928
1484
1145
1453
931
1829
1356
1566
1701
1077
1031
1586
910
1401
1865
1856
1053
1511
1360
972
1560
1890
986
1494
1698
1468
1378
1371
1777
1532
1524
1771
1910
1247
1152
1411
1194
1326
1657
1430
1151
1248
1138
1592
975
989
1129
1041
1469
1876
1686
933
1080
1565
1801
1627
1556
1253
1702
904
1853
998
1854
1581
1133
956
1555
1518
1150
818
868
685
605
4032
4004
717
758
690
689
4010
4021
4011
4009
746
771
732
3982
4036
4038
4018
660
581
607
674
4037
693
848
701
751
845
694
752
784
766
781
773
688
727
757
763
704
852
841
793
843
802
755
712
850
743
3980
720
788
801
723
718
831
653
643
612
647
34
214
20
245
135
94
221
53
242
130
246
270
250
272
148
79
39
115
259
283
95
321
338
112
220
284
309
36
50
46
288
29
59
238
343
263
78
273
43
190
267
132
180
330
887
787
864
863
871
893
4020
675
583
742
854
816
791
707
789
794
3981
4003
716
798
839
737
739
437
466
435
457
413
390
498
467
421
375
365
472
393
564
476
362
379
530
470
468
534
509
403
565
352
504
592
772
17
628
808
725
700
779
812
814
829
842
824
838
733
593
682
631
610
578
635
638
587
683
3722
3462
3779
3642
3920
3746
3732
3667
3742
3630
3961
3453
3917
3532
3660
3769
3685
3827
3710
3470
3629
3921
3835
3867
3471
3845
747
304
103
9
236
170
271
56
119
224
113
82
2400
734
748
827
738
813
855
826
740
821
4027
1499
1439
1016
1745
1168
897
1858
1863
1626
1540
1116
1572
1774
1056
1676
1884
1315
1493
1433
1195
908
1161
1279
1633
1727
1681
1541
940
1527
1552
961
1759
1441
1266
1023
1731
1071
1395
1414
1103
1055
1008
1140
1674
1164
980
1669
1329
1622
1589
1833
1707
1211
1804
1146
1867
1375
1312
1026
1765
1795
1388
1483
1024
1619
1689
1750
1351
1380
1809
1665
1083
1370
1288
1868
1287
982
1207
1156
1604
1117
1101
1006
1547
1107
1845
1437
1703
944
1869
958
1015
1350
1432
1448
1235
1887
1807
1525
1504
1051
1906
1170
949
1507
1260
1070
1472
1415
1189
1529
1304
1897
968
637
606
363
366
484
419
545
359
551
291
880
861
870
872
874
858
879
884
4030
4001
3990
4013
4005
4029
4002
585
627
600
658
3992
640
599
662
680
656
630
611
617
654
655
888
869
876
573
849
809
835
741
765
785
782
833
768
759
762
731
815
764
709
710
736
702
832
691
622
670
661
678
666
699
714
790
825
811
878
3986
3993
4014
3991
3999
4017
4000
4008
4015
4026
4006
4012
3984
4016
3989
3983
4034
3996
881
895
4022
3985
3995
4035
873
859
885
866
886
4024
3998
3987
4023
3994
865
877
892
875
883
3997
4007
4031
684
598
533
407
427
480
415
523
450
458
356
369
357
543
505
508
360
555
547
518
485
549
451
401
433
540
462
464
4033
882
889
608
574
615
632
681
3988
4019
894
867
890
616
584
620
577
659
657
613
623
642
668
590
624
650
673
531
442
489
562
572
445
448
499
552
381
349
411
424
516
536
368
398
447
550
358
386
510
426
371
441
399
478
354
410
396
481
532
529
455
490
652
4025
4028
749
692
795
777
775
783
715
711
819
696
705
719
830
726
847
774
856
797
122
277
158
133
178
633
595
602
646
586
582
588
679
322
3971
350
569
570
474
488
394
558
636
677
535
430
520
373
492
591
896
2616
2343
2738
561
431
493
537
408
494
432
507
1357
538
483
1844
641
3070
1986
2410
1993
2464
2630
2370
2575
1989
1941
1918
2233
2504
2290
2352
1979
2323
2600
2604
2276
2561
2078
2446
2190
2307
2287
2554
2550
2348
2573
2253
2121
2395
2506
2556
2551
2043
2381
2521
1953
2409
2086
2179
2460
2261
2655
2200
1984
2625
2108
2653
2508
2081
1947
2434
2547
2264
2475
2053
1959
1948
2002
2072
2057
2280
1954
2273
2183
2117
2128
2458
2617
2267
2135
2491
2187
2102
2384
2598
1945
2068
2241
2372
2333
2282
2328
2052
2054
2351
2087
2247
2461
2344
2169
2325
2211
2232
2451
2319
2436
2180
2629
2071
2047
2293
2511
2224
1940
2151
2419
2149
2189
2553
2154
2549
1966
2591
1201
1509
993
1172
1898
1605
1886
1757
946
1017
1839
1554
1230
1420
1214
1723
1813
1128
1059
1612
1717
1620
1290
1632
1028
58
1642
1505
990
2784
3062
3307
3077
3207
3177
3255
2812
2816
3187
2675
2737
3312
2938
3189
3244
3420
3043
2686
3249
2813
3259
3346
2739
3366
2728
3018
3210
3359
2729
3400
3065
2806
3023
3234
3228
2680
2689
3330
3240
3224
3106
2936
2753
3332
3145
3060
2719
2992
2748
2989
3299
3274
3019
2947
3100
3162
3412
3168
2724
3086
3007
2758
2768
3196
2921
3287
3422
3011
3236
2846
3081
3302
2787
3035
2796
3396
2840
3089
2880
2712
3041
3013
2895
2747
3270
3109
3222
3271
2677
3361
2957
3217
3121
2990
2971
2692
2723
2774
3424
2884
3407
3375
3159
3374
2682
2902
3260
2751
3093
2668
3423
2834
3322
2854
2803
2882
2903
3105
2968
2868
2699
3349
2722
3413
2975
3175
3343
2842
3071
2824
3242
3045
2949
2848
3088
3107
3215
2877
2925
3348
2717
2896
2705
3250
3231
3384
3435
2773
3114
3353
1718
2543
1754
1753
1267
934
1570
1191
1074
1222
1124
1076
1054
1112
1340
1591
1502
1215
1081
1667
1860
1805
1908
909
951
1585
1043
1087
1831
1445
1098
1825
1421
1687
1274
1553
1162
1901
1579
1090
985
1186
1548
1895
1798
1568
1314
938
1733
992
901
1501
1788
1756
1911
1084
1700
1202
1521
1362
1262
1178
1817
1558
1506
1834
1061
1176
1779
970
1251
918
1223
1073
1458
923
1295
1234
1461
1328
969
1708
1174
1646
1599
1776
1233
1058
1039
1755
1143
1781
957
1790
1679
1113
1616
1179
1645
1606
1694
1778
1332
1374
1514
1210
1495
1729
1907
1182
1323
1861
1359
999
1365
1196
1904
389
924
1630
1226
1011
1072
1496
1275
1770
1725
1366
1183
1611
1783
428
2462
2063
1929
2213
2019
2177
2596
2301
2281
2413
2442
2487
2524
2522
2466
1999
2011
2626
2382
2486
2346
2620
1931
2225
2157
2145
3750
3449
3596
3948
3540
3911
3594
3523
3736
3883
3700
3683
3469
3901
3979
3950
3941
3884
3677
3785
3535
3975
3973
3771
3861
3663
3965
3853
3955
3821
3799
3682
3542
3748
3581
3556
3561
3958
3502
3765
3940
3724
3507
3515
3483
3641
3600
3595
3784
3889
3674
3943
3456
3437
199
3514
3794
3803
3645
3659
3681
3809
3655
3946
3504
3723
3885
3846
3812
3468
3460
3871
3503
3953
3872
3807
3704
3537
3942
3766
3661
3708
3638
3839
3511
3761
3558
3764
3903
3573
3738
3791
3591
3493
3463
3756
3864
3703
3609
3721
479
109
418
355
367
460
497
404
385
461
391
639
728
423
559
1095
1881
596
962
1766
1767
557
438
669
614
524
496
567
601
2750
3073
2944
2907
3362
2782
3022
2981
3265
2935
2769
3223
3139
3326
3156
2837
3334
3415
2715
2984
3203
3379
3176
3171
3039
3377
2725
3404
3410
2898
3131
2671
3099
3425
3372
3015
3311
3290
2805
2883
2851
3163
3399
2706
3220
2679
2786
3090
2887
3301
3243
3313
2859
3383
2762
2870
2892
3285
2711
2829
3367
2918
3264
2932
2759
3278
3245
3164
2899
3130
3160
2746
2948
2745
3009
3276
3325
3153
3303
2850
2832
3102
3188
3296
3239
2853
3206
3146
3297
2979
3328
3421
2662
2674
3185
2778
3381
3201
3116
2661
3280
2849
3434
3378
3277
3355
3320
3140
3072
3341
2690
2871
3165
3218
3371
2740
3393
3134
2847
2952
3192
3248
3202
3237
3414
3066
2908
2985
3174
2927
2950
3342
3002
2929
2890
2873
3096
2694
2966
3387
3149
2920
3098
3054
3034
3385
3154
3288
3027
2996
2345
2314
2298
2234
2262
2656
2632
1960
2129
2628
2091
3968
3873
3533
3929
3618
3496
3654
1085
3877
3687
3526
185
345
128
325
820
422
416
512
2226
3331
2894
2708
2881
3256
3167
3395
3219
2730
3295
2914
2875
2958
2756
3293
3119
2664
3104
2956
3417
3433
2743
2924
2681
3238
3430
2663
2888
3392
3282
2885
3024
3190
3067
2855
3063
3305
3310
3230
2814
3398
3266
2980
2802
3408
3044
3157
3208
3357
3143
2760
2678
3037
2808
3358
3183
3061
3254
3389
2858
3057
3292
3388
3294
3333
3075
3151
2965
3390
3205
2886
1419
1666
1656
1438
1044
1286
1348
1815
1021
1489
1671
1000
1311
1106
1228
1306
1141
929
1013
853
844
721
312
137
251
108
147
192
73
202
240
247
6
286
336
205
227
139
152
298
278
217
42
86
253
32
324
93
33
174
293
121
215
194
226
96
216
241
101
150
182
218
116
197
299
149
111
275
340
208
140
14
28
187
316
81
237
166
296
70
281
326
175
211
124
317
71
229
327
181
183
195
318
193
292
61
144
151
123
66
274
1
231
323
203
3
120
10
12
153
106
269
110
165
219
154
45
62
287
347
22
191
189
77
145
8
301
167
90
163
18
100
337
55
186
285
188
280
315
25
40
239
297
290
232
31
134
161
104
21
26
142
332
397
173
2126
2311
2477
2077
2574
2359
2532
2258
2536
2035
2066
2313
3016
1025
1473
376
353
1155
1677
1512
1744
1830
1903
941
1009
1227
1857
1019
1628
1573
1569
3525
378
513
436
604
556
491
511
440
477
405
449
851
846
822
750
796
730
806
786
761
744
767
753
619
597
603
621
589
575
626
667
594
618
579
439
400
409
2396
2101
2652
2389
2527
2034
2158
2517
2635
1992
2634
2541
1924
2515
2455
2412
2577
2166
2270
2523
2245
2003
2075
2062
2198
1916
2285
2537
2394
2161
1926
2555
2111
2279
2007
3198
3344
2973
2770
2970
3003
2917
3173
2811
3155
3283
2830
2961
3352
3012
3323
3147
3401
2817
3405
2822
2776
2734
3338
2821
2691
2922
3354
2954
2964
2836
3327
2865
2801
2843
2933
3216
3074
2998
3436
3317
2820
3028
2841
3314
3316
3247
3021
2718
3275
3211
3263
2844
3097
2825
2941
2819
2701
3329
3279
2926
2942
2767
3197
3180
2804
2714
3122
2799
3127
3059
3315
3368
2696
3186
860
3129
3394
3306
3008
2977
2953
3123
3133
3069
2791
2710
2709
2790
3193
2852
2766
3031
2797
2721
3235
3418
3416
2781
2720
3152
3298
3199
3225
3281
2772
2997
2794
3055
3161
3429
2744
2831
3126
2693
3268
3227
3318
3103
3246
2670
3370
2893
2792
2695
2704
3135
3380
3376
2702
2687
2765
2667
3251
2732
2983
2974
2994
2993
3137
2810
3000
2928
2906
2669
2986
2943
3033
2866
2827
3026
3025
3136
3633
686
308
339
807
792
706
817
837
799
625
644
576
230
222
265
212
223
334
105
260
162
102
328
264
225
68
143
204
303
75
319
19
243
305
47
335
306
206
35
138
97
311
179
131
127
164
88
159
91
314
37
233
157
307
196
302
320
300
168
4
129
155
255
341
30
3851
3824
3790
3913
3691
3480
3615
3828
3793
3455
3944
3510
3780
3551
3805
3566
3847
3597
3482
3781
3729
3616
3607
3890
3637
3762
3751
3935
3543
3570
3952
3671
3439
3476
3905
3904
3575
3875
3539
3494
3895
3933
3776
3967
3747
3500
3580
3922
3866
3490
3957
3836
3464
3936
3628
3694
3725
3912
3632
3585
3650
3959
3657
3819
3826
3951
3569
3869
3818
3506
3972
3520
3802
3590
3907
3735
3599
3773
3508
3706
3909
3893
3927
3529
3782
3906
3593
3900
3680
3714
3568
3758
3947
3763
735
687
823
697
695
836
521
502
443
377
541
486
364
528
459
429
454
495
387
548
444
463
465
506
500
392
3111
3087
2672
3351
2793
3101
3150
3051
3391
3252
2742
2863
3076
3258
3172
3347
2937
2823
2795
3319
2771
3340
3050
3431
3337
2838
2861
3125
2982
3053
3144
2807
2856
2697
2789
3010
3036
3148
2785
3049
2939
2901
3406
3345
3360
2976
2684
3409
2826
2879
2818
2707
2713
3241
3181
3006
2736
2891
2860
3030
3402
3427
3058
3141
2857
2995
2923
2930
3212
3428
2726
3229
3042
3373
3095
3300
3269
2963
3166
2962
2752
2878
3092
2798
3432
3356
2779
2764
2959
3128
3094
3336
2685
3068
3309
3382
2703
2874
3339
2862
2800
2940
3056
2673
2835
3213
3001
3221
3032
2955
3365
2999
3138
2972
2731
2987
2988
3047
2913
2905
2698
3014
3369
3364
3142
2666
3040
2815
2912
2911
3064
2919
2864
1450
1405
1171
171
1758
1534
563
2429
2489
2266
2240
2005
2115
2520
2109
2579
2392
2136
2407
2495
2040
2045
2124
2418
2074
2638
2339
2060
2104
2218
2037
2142
2578
2559
2184
2601
2369
2059
2131
2229
2150
2064
2564
2123
2340
2560
1946
2611
2188
2257
2206
2623
2526
2542
2084
2376
2122
2201
2299
1925
2216
136
2582
2010
2588
2463
2250
2283
2199
2125
2509
2304
2221
1968
2024
2202
1958
1957
2016
1995
2001
1976
2513
2305
1975
2029
2051
2227
2152
2317
2251
2204
1961
2490
1996
2094
2544
2105
2099
2476
2238
2168
1967
2650
2076
2514
1982
2106
2496
2079
2627
2061
2636
2004
1914
1927
2284
2050
2214
2209
2186
2255
2269
1937
2178
2015
2599
2426
2207
2357
2181
729
776
769
834
760
800
778
713
810
98
828
754
156
72
201
333
24
92
80
76
258
256
249
266
51
2
228
160
268
65
69
244
209
38
235
63
15
89
210
11
74
27
114
83
344
282
16
295
125
87
329
146
331
254
184
41
57
49
262
234
289
5
279
60
261
13
85
198
84
3786
3601
3472
3753
3778
3713
3728
3705
3915
3726
3612
3925
3954
3896
3624
3978
3546
3820
3622
3652
3715
3976
3465
3892
3868
3949
3939
3932
3878
3887
3653
3447
3964
3571
3675
3774
3712
3438
3440
3497
3891
3475
3491
3559
3882
3754
3492
3588
3524
3617
3534
3679
3899
3937
3442
3664
3695
3898
3457
3481
3649
3755
3576
3605
3902
3926
3586
3501
3966
3672
3527
3485
3918
3760
3813
3613
3775
3589
3686
3817
3733
3934
3673
3513
3582
3879
3854
3541
3698
3484
3823
3844
3914
3519
3956
3554
3598
3544
3627
3518
3545
3938
3604
3842
3831
3962
3788
3916
3757
3749
3668
3740
3553
3759
3636
3977
3644
3811
3727
3441
3478
3690
3833
3855
3443
3486
3509
3689
3745
3678
3487
3716
3923
3849
3928
3862
3808
3783
3477
3816
3531
3446
3859
3894
3772
3787
3621
3910
3444
3614
3719
3829
3860
3830
1987
2385
2021
2082
2049
2361
2197
2236
2335
664
141
200
176
703
745
708
840
382
571
384
383
380
425
568
406
351
453
501
372
522
361
519
452
539
469
554
780
402
434
676
609
7
803
645
634
663
665
672
648
891
2379
2646
2098
1997
2331
1983
2631
2499
2449
2334
2275
2507
2103
2324
2546
2112
2093
2363
1971
2624
2083
2244
2088
2423
2590
2271
2140
1962
1917
2172
2469
2374
2139
2118
2602
2090
2619
2055
2210
2606
2163
2239
2137
2046
2329
2586
1685
1086
1153
1256
953
1160
1609
1331
1551
1184
1736
1849
1902
916
1471
1600
1730
1768
1377
1842
1361
1637
1409
1341
1367
