347 81
17 34
10 16
17 32
10 20
13 24
6 10
20 38
8 16
57 78
10 18
1 2
1 2
31 46
15 28
1 2
9 18
13 26
1 2
16 30
15 28
65 88
11 22
17 32
16 30
69 102
68 84
5 10
13 26
13 26
17 30
23 44
6 12
2 4
5 10
2 4
11 16
1 2
9 18
15 28
44 70
24 44
2 4
1 2
6 12
12 24
5 10
2 4
22 42
4 8
11 18
7 14
2 4
31 58
8 16
17 32
78 82
15 26
12 23
19 34
8 14
3 6
26 44
6 12
7 14
12 24
15 26
76 80
9 18
10 20
2 4
3 6
24 42
10 20
1 2
14 26
3 6
6 12
9 18
12 20
23 44
3 6
34 54
7 14
13 26
14 26
6 12
13 26
20 36
8 14
2 4
8 16
21 40
8 16
22 42
6 12
9 18
3 6
49 68
13 26
9 18
19 36
6 12
16 28
32 52
14 24
8 14
1045 75
13 20
37 60
5 10
14 28
3 6
40 56
1 2
21 34
17 32
6 12
36 50
62 80
4 8
12 20
63 96
18 30
4 8
4 8
7 14
16 24
28 48
7 14
16 30
7 14
16 32
18 32
19 34
10 14
133 144
16 30
2 4
9 14
11 22
28 54
43 66
12 24
15 28
2 4
10 20
6 12
20 36
14 24
11 22
7 12
5 10
2 4
2 4
3 6
12 22
3 6
25 38
14 24
2 4
25 38
8 12
6 12
3 6
11 22
4 8
7 14
11 22
38 60
46 58
22 43
41 62
12 24
4 8
17 34
14 26
11 22
13 24
3 6
20 38
10 20
3 6
2 4
18 30
26 46
44 62
16 30
48 76
7 14
4 6
3 6
5 10
5 10
19 36
9 18
13 26
16 26
12 24
47 68
57 82
4 8
4 8
57 76
22 42
2 4
4 8
3 6
7 14
1 2
1 2
30 50
18 32
39 70
17 30
1 2
2 4
8 16
9 18
6 12
4 8
8 14
11 22
27 40
28 48
10 20
14 22
15 30
3 6
6 12
9 18
21 36
25 44
2 4
2 4
5 10
37 60
7 14
23 36
59 80
3 6
2 4
24 46
8 14
2 4
5 8
14 26
3 6
21 38
24 44
5 10
14 24
65 80
3 6
17 32
2 4
2 4
18 32
15 26
8 16
8 14
38 64
4 8
7 14
5 10
27 40
18 34
2 4
11 22
6 12
4 8
73 82
45 72
9 18
14 26
10 20
18 36
65 82
10 20
2 4
43 66
16 26
2 4
5 10
16 24
47 82
2 4
1 2
4 8
4 8
14 28
36 62
1 2
3 6
3 6
10 20
7 14
25 40
11 20
20 38
7 14
3 6
20 38
21 42
55 80
2 4
9 18
4 8
24 44
10 14
13 24
7 14
26 46
37 54
13 24
56 80
2 4
7 14
11 22
8 14
21 34
3 6
72 94
39 64
26 42
39 54
19 34
4 8
9 18
30 54
16 30
20 34
43 68
8 16
28 48
1 2
3 6
9 18
7 14
27 48
6 12
12 22
34 56
18 32
9 18
16 32
27 54
7 12
229 105
5 10
21 34
5 10
23 38
102 109
26 46
39 60
3 6
18 34
1 2
26 46
43 70
23 42
19 32
96 115
9 18
6 10
97 109
32 52
34 54
26 48
71 80
5 10
17 30
94 98
68 86
17 34
133 135
2 4
62 72
2 4
11 22
12 24
12 22
3 6
4 8
8 16
3 6
36 54
38 56
48 81
6 10
61 70
39 48
7 14
36 60
77 100
27 44
47 78
33 56
8 16
73 72
2 4
57 70
20 34
51 80
11 22
4 8
15 26
55 82
34 56
15 30
3 6
99 94
17 28
159 153
26 46
21 36
62 68
23 42
57 92
34 63
25 42
60 98
57 66
17 32
19 32
18 32
9 18
115 135
10 20
38 62
71 86
55 80
10 20
33 44
10 18
60 76
10 20
71 84
43 66
14 28
8 16
12 24
2 4
47 74
27 48
18 32
1 2
3 6
10 18
22 38
25 42
42 62
5 10
3 6
37 62
61 80
20 38
26 42
10 20
66 88
53 68
19 36
43 72
5 10
78 72
9 18
4 8
2 4
22 40
16 30
31 50
5 10
32 60
20 32
122 135
6 12
12 24
8 16
37 62
7 14
27 46
34 46
231 111
107 137
5 10
16 30
33 50
28 44
24 42
13 26
11 18
65 62
56 76
23 40
23 36
40 62
83 82
6 12
3 6
83 92
8 16
11 20
58 74
43 66
13 24
72 80
65 84
16 32
15 28
26 44
30 50
29 46
89 88
64 76
61 72
20 36
104 121
19 34
25 42
50 62
15 28
11 22
43 62
64 68
69 84
98 156
46 54
13 26
9 18
4 8
40 62
10 20
6 12
8 16
12 24
22 40
40 50
87 123
22 40
8 16
10 20
58 74
21 36
67 92
46 74
30 52
32 50
32 52
7 14
1 2
17 34
4 8
85 96
18 32
38 66
48 64
37 60
20 34
83 66
30 42
81 80
5 10
91 119
9 18
20 34
85 99
63 74
12 20
15 30
35 60
3 6
4 8
32 48
11 22
12 22
14 26
22 40
24 42
39 62
84 101
2 4
21 36
25 40
15 28
1 2
7 12
10 18
14 28
21 38
14 26
46 58
41 60
5 8
8 16
19 32
46 83
22 40
16 28
23 38
24 38
25 41
1 2
18 30
35 50
18 32
91 125
1 2
1 2
30 52
5 8
16 28
15 26
1 2
32 48
24 40
19 36
25 42
24 36
26 44
20 36
7 12
13 26
17 34
1 2
21 40
14 24
24 40
12 24
11 21
39 64
11 20
22 36
15 26
16 26
22 36
25 40
115 154
1 2
11 20
23 38
66 103
2 4
24 42
25 44
29 44
13 24
19 32
2 4
5 9
22 38
73 95
4 8
28 44
33 50
6 10
3 6
7 12
24 40
24 42
3 6
24 38
24 38
9 16
17 32
18 32
18 34
3 6
1 2
34 48
23 38
5 10
8 16
4 8
1 2
23 38
18 30
22 36
26 50
7 14
27 46
23 36
13 24
33 46
20 34
17 28
170 66
28 46
45 66
8 14
9 16
6 12
1 2
14 28
54 74
41 64
31 48
52 78
68 96
2 4
7 12
21 38
8 16
43 74
5 10
69 84
18 30
10 20
29 48
17 32
8 16
20 36
13 26
71 92
14 26
10 18
12 24
4 8
30 48
64 84
18 34
5 10
14 26
12 22
47 68
8 16
36 56
26 46
38 64
13 26
15 24
26 42
14 26
8 16
23 46
5 10
14 26
16 24
25 38
29 50
8 16
17 32
12 24
3 6
2 4
57 76
9 18
57 74
19 32
2 4
2 4
12 20
38 58
13 24
30 56
19 38
10 20
4 8
20 40
10 20
30 48
8 16
13 24
14 26
28 56
14 28
35 56
8 16
14 26
15 28
27 50
15 28
18 32
36 54
37 52
2 4
9 18
18 30
16 32
18 36
34 54
52 74
13 24
18 36
40 60
3 6
9 14
29 54
4 8
13 26
4 8
7 14
23 40
20 40
14 24
18 36
7 14
26 46
7 14
12 24
37 60
1 2
5 10
20 40
16 32
66 82
15 30
20 34
9 18
18 36
32 50
9 16
8 16
10 20
26 42
39 66
9 18
24 40
16 32
37 64
38 66
9 16
15 28
56 76
58 78
6 12
11 22
45 64
79 100
34 46
55 72
15 26
4 8
15 30
43 58
20 40
12 24
13 24
22 40
15 28
27 40
2 4
37 56
13 26
14 26
23 38
6 12
27 44
21 36
30 58
10 20
4 8
4 8
44 58
3 6
4 8
39 62
12 24
5 10
2 4
2 4
10 20
24 44
11 22
5 10
4 8
5 10
8 16
4 8
7 12
7 14
7 14
7 14
6 12
7 14
1 2
11 22
4 8
10 20
6 12
8 14
7 14
8 16
1 2
4 8
9 18
8 16
6 12
9 18
13 26
7 14
1 2
1 2
4 8
4 8
6 12
126 113
66 103
38 47
3 5
13 25
34 57
46 53
34 59
3 5
17 29
78 103
13 25
32 55
12 23
5 9
1 1
9 17
44 79
16 29
35 55
147 134
130 137
1 1
29 47
13 24
106 104
30 57
8 15
45 83
167 132
21 41
75 94
9 17
5 9
52 75
15 29
63 105
25 43
82 74
7 13
37 51
7 13
29 51
17 29
17 31
54 69
65 75
12 23
37 69
4 7
166 132
115 100
38 65
23 41
10 17
20 39
84 78
109 125
55 65
10 19
10 15
65 73
24 43
46 69
103 116
13 23
27 51
33 59
26 45
16 29
115 108
107 136
40 76
32 45
15 27
34 55
21 37
18 35
11 21
54 71
24 41
26 49
104 123
10 15
128 142
47 63
68 89
62 81
42 59
7 13
11 17
6 11
41 57
35 53
29 55
19 37
31 55
154 112
27 48
66 103
4 7
96 113
9 15
77 104
16 31
39 63
4 7
95 129
120 114
14 25
142 130
16 25
8 15
57 73
36 57
32 61
32 55
12 21
99 101
36 59
9 13
149 112
51 61
58 75
58 71
61 79
4 7
9 17
85 104
29 51
80 92
3 5
67 90
79 119
11 21
4 7
79 81
17 29
3 5
26 47
58 73
37 61
5 9
27 47
67 82
48 85
15 27
12 23
28 39
12 23
3 5
65 91
106 126
82 99
11 21
46 70
63 91
8 15
54 81
14 27
65 94
5 9
7 13
165 128
51 65
10 19
22 43
22 39
27 51
2 3
68 77
76 79
49 73
21 39
78 105
3 5
26 45
10 19
63 99
80 113
142 114
15 27
183 104
123 110
60 89
30 43
57 73
106 115
15 29
66 107
205 153
7 13
14 27
14 23
13 25
20 39
50 81
9 17
11 21
24 39
1 1
36 59
23 41
56 61
64 79
123 120
51 59
8 15
109 93
4 7
27 51
141 122
43 53
38 61
70 109
9 17
54 79
47 77
38 55
36 47
29 47
122 116
35 57
1 1
51 73
24 39
49 65
71 101
130 147
117 114
198 108
21 37
98 92
60 77
66 94
32 51
142 117
6 11
11 21
68 88
33 55
29 49
14 25
24 47
9 17
18 29
33 55
14 27
21 37
1 1
147 124
5 9
65 79
102 116
14 25
6 11
17 32
139 124
9 17
45 67
99 118
5 9
66 91
61 84
88 115
19 35
8 15
100 106
27 50
26 51
57 73
28 43
6 11
19 35
36 67
24 47
113 110
115 142
18 33
132 139
2 3
15 23
13 25
45 69
45 59
89 100
66 82
34 59
158 110
156 106
17 33
20 33
32 53
38 63
39 57
110 110
97 93
9 17
4 7
49 65
26 47
15 29
83 104
217 118
4 7
58 79
9 17
8 13
107 103
102 122
1 1
72 102
3 5
76 97
40 75
173 132
26 43
20 33
114 137
43 63
36 63
47 86
11 19
54 81
9 17
71 105
142 152
22 41
2 3
30 51
35 57
84 87
23 43
47 69
125 124
74 89
29 53
2 3
15 29
107 99
43 69
60 85
152 148
9 15
7 13
20 39
93 116
112 120
12 23
40 63
35 65
24 45
8 15
15 29
137 124
12 21
3 5
3 5
6 11
124 116
135 131
55 67
42 68
47 75
38 63
68 79
2 3
6 11
5 9
31 55
13 25
120 110
11 21
126 118
2 3
96 112
84 122
64 99
25 45
57 83
2 3
124 115
36 63
44 55
76 107
41 57
68 73
32 59
60 79
55 75
23 41
66 82
92 93
85 100
87 105
113 104
55 73
48 73
22 39
5 9
25 43
6 11
71 77
31 51
31 51
6 11
107 98
48 75
38 59
104 132
26 51
31 53
20 33
43 63
27 49
24 41
80 106
34 53
26 47
44 65
32 53
21 41
41 69
27 49
64 75
25 47
90 83
77 89
40 57
18 31
2 3
49 89
20 37
136 112
122 124
146 134
42 69
33 61
100 124
128 104
55 71
36 63
68 95
100 120
63 93
123 118
10 19
37 70
91 113
97 87
5 9
74 85
37 61
42 63
33 59
67 91
234 100
3 5
5 9
37 57
20 39
31 59
77 89
84 109
37 63
137 148
3 5
21 41
12 21
42 72
66 92
166 132
10 19
53 87
112 106
37 67
7 13
73 99
42 61
74 106
182 104
190 124
32 55
51 63
85 94
27 41
41 51
4 7
12 23
15 27
1 1
9 17
84 117
46 72
193 126
175 124
37 61
53 73
2 3
2 3
54 59
16 29
44 71
178 112
22 39
12 23
74 97
9 15
50 63
50 89
31 45
37 57
34 61
106 126
21 37
10 19
22 43
60 75
8 15
30 47
111 110
5 9
21 37
24 45
148 124
24 45
14 27
61 91
19 33
34 63
64 67
66 100
29 55
38 65
2 3
220 122
55 67
23 41
15 29
56 96
30 59
56 91
34 51
21 37
28 51
16 29
5 9
9 17
32 55
9 15
36 61
142 140
52 63
90 116
23 45
31 43
34 61
28 49
52 61
5 9
132 118
62 82
33 59
102 101
46 75
8 15
84 75
10 19
26 45
108 107
1 1
124 120
31 51
57 89
71 109
169 132
90 115
54 94
4 7
72 87
5 9
9 17
17 29
84 77
93 135
17 33
49 75
96 118
22 39
47 81
5 9
63 107
135 126
22 41
9 15
125 102
13 25
26 47
26 45
67 79
48 73
29 55
6 11
12 19
29 49
18 33
70 99
28 51
58 81
59 105
8 13
37 55
33 45
131 100
4 7
30 51
34 47
52 74
35 49
69 85
159 92
36 53
14 27
33 63
117 128
6 9
156 128
69 115
41 59
57 85
22 41
12 23
70 93
42 73
105 102
22 43
39 67
35 63
33 63
64 89
82 117
19 37
72 106
79 98
69 106
33 53
55 75
33 55
15 29
43 75
3 5
122 114
38 63
49 91
38 55
171 124
7 13
37 67
160 114
35 63
25 39
151 120
2 3
186 112
1 1
25 45
10 17
112 112
16 29
44 73
20 37
33 55
29 51
48 83
124 124
60 97
43 65
89 97
67 87
20 37
66 69
170 101
36 57
5 7
83 101
1 1
41 51
97 97
211 123
20 35
3 5
53 69
23 41
205 108
88 118
95 113
25 43
32 59
16 31
39 52
77 75
112 112
136 126
11 21
117 136
32 57
12 23
145 94
148 136
90 101
31 51
5 9
117 120
92 105
179 131
72 81
190 114
182 112
71 88
24 39
50 67
117 134
24 41
114 112
128 155
189 114
177 146
100 107
35 61
25 47
37 71
3 5
82 83
22 41
67 95
9 15
79 103
23 39
38 55
34 57
77 77
99 97
34 59
78 106
8 15
14 27
28 53
100 108
69 101
56 71
18 35
50 71
25 45
35 55
21 39
4 7
81 107
74 96
7 13
56 67
34 65
5 9
19 32
82 99
24 43
80 89
146 124
235 92
6 11
127 126
36 69
27 41
122 114
137 114
11 21
32 61
25 43
40 59
25 47
117 120
16 29
36 51
18 35
27 47
61 75
25 41
38 57
123 128
792 59
93 109
35 59
43 71
95 117
124 113
2 3
60 65
50 73
3 5
34 53
30 51
12 23
8 15
19 35
42 71
17 33
7 13
45 83
70 94
25 39
27 49
42 59
185 100
10 19
62 99
15 27
5 9
105 116
4 7
187 108
65 81
60 77
139 132
155 149
19 37
49 65
115 112
56 87
49 71
59 85
51 87
21 41
32 59
32 53
80 89
226 110
8 15
48 65
38 63
49 79
109 108
156 120
79 95
26 49
14 27
37 57
104 112
79 85
26 45
37 57
19 35
202 110
22 39
13 25
13 25
126 116
50 63
115 116
82 88
57 95
2 3
16 31
131 134
27 51
6 11
3 5
121 120
4 7
32 53
25 43
66 94
40 67
36 61
209 122
25 49
47 71
20 33
61 87
23 39
40 67
8 15
5 9
5 9
38 57
22 43
20 39
26 45
67 99
121 105
17 31
30 59
97 93
38 65
10 19
103 116
38 67
131 132
6 11
145 128
57 103
89 113
71 97
5 9
34 61
152 116
245 106
23 39
12 21
25 43
195 124
22 41
32 53
51 92
14 27
113 108
102 118
63 89
44 61
156 136
10 19
24 45
131 108
15 27
30 56
88 106
67 77
27 53
12 23
127 106
58 71
29 53
102 118
201 132
56 79
16 29
16 31
42 73
46 67
191 110
1 1
182 120
25 47
38 67
6 11
165 128
10 19
49 65
119 119
40 72
70 105
101 142
38 65
26 47
36 49
119 106
29 55
42 71
22 43
12 21
2 3
6 11
4 7
73 77
29 51
46 61
17 33
99 117
54 73
49 85
107 124
8 13
31 55
123 122
121 124
15 29
23 41
82 91
50 73
41 61
13 25
28 49
56 83
64 88
35 51
150 108
32 51
53 89
51 77
18 35
32 41
28 53
105 112
11 19
254 106
15 27
6 11
71 91
12 23
83 95
63 82
37 65
9 17
36 67
101 109
79 81
26 47
14 25
130 122
40 55
30 57
11 21
22 39
30 47
10 19
41 71
31 53
39 75
755 48
19 36
47 60
11 22
79 90
190 74
161 100
55 68
123 80
40 54
15 28
56 92
6 12
125 110
134 118
55 60
23 38
151 82
13 24
39 52
95 82
11 20
12 22
50 60
22 42
4 8
189 76
79 96
93 84
223 154
39 66
192 70
29 46
146 84
191 70
120 100
108 70
8 16
12 22
64 68
17 30
123 100
93 116
92 82
8 16
39 52
34 52
120 106
43 68
7 14
187 70
86 108
96 134
20 38
172 104
2 4
35 52
4 8
72 102
176 86
70 74
65 80
7 14
36 60
39 60
9 18
15 30
176 94
57 74
55 70
19 36
199 88
178 86
224 116
153 102
36 62
24 44
87 94
20 38
49 58
15 30
203 74
64 70
63 78
4 8
135 106
54 74
34 44
33 52
60 68
85 96
48 64
50 74
155 106
52 58
171 132
7 14
45 58
84 74
40 58
15 28
9 16
10 20
5 10
18 30
7 14
55 82
19 34
158 84
31 56
50 56
25 44
53 66
30 38
96 104
44 56
106 82
34 58
187 70
53 92
147 78
173 84
8 16
30 48
21 38
173 112
123 118
112 88
152 110
8 16
96 94
174 98
25 44
176 86
123 108
205 136
17 34
37 64
23 38
9 18
106 70
115 94
163 86
73 88
115 118
42 64
76 108
193 66
106 114
48 60
76 108
141 110
186 72
26 48
9 16
33 58
141 90
168 98
13 24
123 82
129 104
195 62
162 82
48 68
17 34
126 94
204 66
1 2
9 18
172 96
18 32
147 100
141 128
30 54
136 84
156 72
198 74
23 40
189 64
34 58
43 72
177 84
7 14
154 100
21 36
38 58
117 108
16 30
6 12
71 92
132 102
184 86
181 64
11 22
4 8
37 68
164 80
135 104
43 60
184 78
160 96
10 20
15 28
136 92
65 86
142 124
188 66
15 28
23 40
158 80
146 90
203 58
169 88
121 82
54 80
112 98
92 118
38 64
11 20
198 70
94 98
159 126
85 94
88 86
74 98
49 74
138 76
178 66
171 82
24 44
221 108
102 108
78 72
43 74
24 44
41 72
90 84
128 98
192 82
86 82
18 36
139 70
160 80
41 70
27 52
39 58
10 18
48 70
24 40
82 96
15 28
31 52
92 108
128 114
9 16
5 10
3 6
109 96
18 34
66 66
193 76
30 54
120 94
8 14
117 132
11 20
3 4
94 100
114 96
17 34
8 16
134 78
186 86
17 32
18 36
148 68
194 78
113 122
168 88
88 78
41 52
14 24
109 96
1 2
110 82
22 38
55 84
175 98
173 96
190 72
49 60
100 104
4 8
14 28
210 66
22 40
22 42
36 62
98 100
54 94
140 100
103 110
27 48
58 86
133 94
13 26
205 64
5 10
195 68
41 64
46 64
116 100
129 90
42 58
51 90
7 14
32 50
207 86
5 10
36 58
71 104
222 100
29 54
70 90
37 66
124 108
13 26
44 76
201 78
119 80
40 70
59 80
200 64
7 14
95 92
122 116
18 34
19 36
109 102
9 16
10 18
157 90
90 88
10 18
7 14
155 100
49 80
55 84
20 36
129 112
14 24
7 14
75 98
11 22
234 96
83 90
130 126
1 2
15 30
180 88
29 50
91 84
35 50
185 72
154 100
16 30
174 104
129 88
59 80
9 18
154 100
161 102
56 66
55 82
24 44
68 84
21 38
160 116
184 62
17 32
142 100
54 70
122 92
23 42
34 60
38 50
17 32
155 92
122 136
10 20
123 104
29 54
66 96
16 28
113 104
141 98
156 84
199 74
23 40
51 76
16 30
85 108
19 36
73 78
10 20
36 58
37 66
122 96
16 30
7 14
46 78
183 86
197 84
79 114
180 66
125 108
166 94
124 114
48 62
190 82
103 86
160 106
139 120
34 56
150 84
35 60
109 78
182 92
198 70
26 50
28 46
79 84
121 110
52 88
36 52
291 124
151 94
18 34
28 50
110 88
168 80
86 106
177 76
30 50
172 76
13 26
6 12
147 78
12 24
45 74
25 46
167 86
65 68
55 64
36 60
50 86
79 100
197 82
158 80
36 60
105 98
12 22
168 84
6 12
179 96
94 96
50 62
36 64
3 6
176 80
2 4
24 46
188 98
57 84
139 90
50 90
6 12
28 54
49 70
72 102
92 104
32 54
95 100
179 86
69 84
35 66
108 98
77 108
19 34
21 38
15 28
17 32
170 102
20 40
36 60
89 82
153 98
178 84
207 82
32 56
31 56
17 32
183 80
41 56
37 64
70 108
117 112
109 122
81 76
8 16
5 10
165 92
11 22
36 64
18 34
25 42
191 94
86 114
146 110
5 10
28 48
147 84
91 112
27 48
94 88
5 10
68 90
10 18
34 52
4 8
3 6
23 42
16 30
70 76
161 88
49 66
33 56
46 80
12 24
109 104
10 16
14 28
16 30
16 30
8 14
1 2
99 96
46 68
169 86
124 84
96 104
126 74
202 66
60 70
11 20
130 102
177 138
135 78
1 2
132 72
77 102
49 74
26 46
97 94
36 64
113 96
93 120
46 64
27 48
3 6
160 84
3 6
126 92
137 106
18 32
9 18
39 64
108 102
15 30
121 90
178 72
6 12
39 60
145 102
22 42
25 46
94 96
93 120
181 76
76 112
43 74
16 30
151 96
5 10
124 104
201 74
98 72
134 100
138 88
140 90
105 124
15 28
9 18
13 26
88 104
6 12
48 78
35 56
165 90
141 102
14 28
17 32
13 26
35 64
191 118
4 8
7 14
36 64
29 56
23 46
106 90
99 90
18 34
11 22
63 76
95 96
56 64
140 92
31 52
2 4
196 98
294 140
30 48
9 16
144 94
54 74
8 16
161 70
162 88
158 102
112 94
173 82
93 94
135 76
131 106
31 52
22 38
165 84
201 90
155 96
14 28
110 112
188 80
4 8
26 48
116 90
11 18
1 2
21 38
30 50
19 36
152 94
103 102
141 112
45 74
20 40
164 76
116 104
6 12
24 48
101 86
46 64
15 28
40 52
187 66
19 34
91 88
79 76
197 80
96 108
125 84
185 74
94 120
3 6
1 2
105 88
164 78
14 22
182 98
190 74
198 76
68 94
196 68
17 32
75 90
195 70
99 126
49 60
51 86
207 94
28 52
31 50
17 28
185 78
100 84
114 92
23 40
164 94
55 62
6 12
21 38
130 104
188 78
186 74
34 54
41 50
28 46
127 88
173 82
116 110
7 14
41 50
5 10
20 34
38 48
35 58
166 86
37 56
56 62
19 38
127 130
100 70
27 50
54 68
135 114
48 58
48 60
122 88
18 34
7 14
49 64
72 70
151 92
168 82
16 30
52 62
36 56
58 78
38 54
99 100
37 60
26 46
83 96
50 90
61 76
20 40
34 64
97 86
19 34
6 12
37 60
29 48
70 76
38 72
83 96
15 28
9 18
93 88
53 76
45 64
16 30
78 92
28 46
12 24
24 46
21 42
11 22
67 80
31 60
3 6
5 10
18 36
93 102
11 18
19 38
16 32
69 82
13 24
15 30
26 44
24 46
18 32
2 4
27 44
67 94
15 28
34 58
12 24
13 26
31 54
44 66
31 62
3 6
32 62
95 138
54 66
37 74
100 122
49 72
6 12
3 6
12 24
70 98
8 16
17 34
13 26
38 64
63 96
89 102
29 52
8 16
24 40
26 52
19 38
5 10
21 42
83 102
31 54
2 4
57 84
116 110
51 74
13 22
33 56
15 24
13 26
75 102
53 66
85 82
35 68
7 14
52 74
122 108
89 82
45 64
83 92
46 72
22 42
11 22
28 50
21 40
63 92
25 50
47 66
13 26
6 12
28 50
12 22
41 62
14 28
34 60
57 72
6 12
27 52
6 10
83 100
95 96
19 34
59 112
66 100
98 100
33 60
28 50
44 76
102 98
49 78
2 4
19 38
9 18
12 24
3 6
99 94
19 36
24 48
60 80
27 50
3 6
8 16
82 78
10 18
10 18
22 42
9 18
8 16
50 84
22 44
3 6
19 36
58 78
7 14
25 40
27 50
2 4
57 74
11 22
5 10
16 32
24 46
15 30
13 26
14 28
38 58
6 12
20 38
10 20
75 96
78 88
28 48
22 32
18 32
30 56
82 92
9 18
44 68
31 58
14 26
4 8
137 100
33 56
31 62
1 2
29 52
29 58
26 46
27 54
12 24
21 42
81 88
33 60
22 40
11 16
62 76
36 64
4 8
18 34
2 4
17 34
20 36
3 6
11 18
71 78
104 120
75 92
39 72
78 90
80 90
21 42
70 86
22 42
42 80
76 86
73 88
47 76
52 78
14 26
104 104
11 20
16 28
66 86
45 76
10 20
15 30
6 12
4 8
10 20
40 66
15 30
19 34
88 92
22 40
29 50
8 16
61 94
9 16
50 74
54 70
8 16
6 12
11 20
77 100
7 14
8 16
72 108
74 86
92 92
32 56
27 36
77 110
83 84
69 86
61 78
75 94
41 76
91 94
87 82
18 34
20 38
70 84
74 82
40 64
3 6
16 32
40 58
79 90
10 18
92 92
86 92
48 70
8 16
53 76
40 72
14 28
20 38
12 24
60 82
63 84
20 40
69 82
64 82
11 22
10 20
82 98
106 104
54 76
59 100
17 30
21 38
20 40
48 82
102 120
3 6
34 58
13 26
44 66
96 90
14 26
42 72
17 32
92 88
11 22
19 38
4 8
18 36
17 34
107 98
22 38
13 26
71 88
44 62
4 8
17 32
73 70
59 76
3 6
41 66
33 52
25 48
18 36
5 10
23 46
15 28
17 34
24 42
60 76
100 90
27 46
63 92
58 80
13 24
61 68
72 108
56 70
65 74
15 28
39 74
14 28
3 6
30 60
91 96
35 66
72 114
4 8
53 76
43 74
2 4
24 44
16 28
19 38
32 62
42 80
11 22
24 48
43 72
10 20
29 52
70 106
30 50
70 104
37 72
50 66
80 90
35 54
14 26
54 82
96 108
66 112
12 24
52 70
8 16
1 2
22 38
88 96
43 74
90 92
38 70
3 6
88 112
22 36
51 76
27 50
20 36
17 32
6 12
8 16
37 66
50 70
15 30
76 78
16 32
101 120
50 88
10 20
83 92
6 12
78 88
17 32
15 30
5 10
78 106
14 26
32 58
11 22
64 72
53 70
14 28
13 26
16 26
16 30
62 72
1 2
46 78
62 96
6 12
23 42
86 116
55 86
99 84
39 68
28 54
25 44
116 98
10 20
76 88
52 78
37 60
51 82
10 18
52 86
108 106
6 12
11 20
16 32
7 14
15 30
76 84
41 72
65 76
10 20
34 58
122 120
49 56
20 38
83 92
12 24
62 74
51 84
63 86
18 36
17 34
52 84
12 20
68 84
46 74
61 90
103 104
63 106
44 74
69 88
71 78
4 8
9 18
33 54
30 60
2 4
8 16
6 12
10 20
35 56
13 26
8 16
84 88
10 18
2 4
35 66
62 104
49 88
19 38
21 40
71 112
11 18
56 72
4 8
16 30
69 100
61 82
5 10
30 48
66 80
89 116
14 24
85 100
11 20
91 128
12 24
13 20
15 30
52 76
7 14
30 56
6 12
57 84
23 40
10 20
7 14
38 58
17 28
48 72
61 72
25 42
19 38
72 96
18 30
74 86
6 12
27 50
41 66
25 50
68 88
8 16
8 16
68 88
1 2
61 88
80 108
23 40
34 62
51 80
19 36
12 24
40 68
16 32
27 48
17 34
72 92
40 60
8 16
86 126
22 38
11 22
92 84
11 18
31 52
47 76
15 30
51 74
41 72
15 30
24 48
14 28
25 50
35 54
36 64
63 112
25 48
7 14
6 12
9 18
39 70
54 72
26 52
15 30
23 44
55 84
28 50
79 84
5 10
36 48
14 28
1 2
28 52
105 88
63 88
33 56
8 14
21 34
28 50
41 60
62 66
66 92
19 38
15 30
27 50
14 28
14 28
14 28
66 76
31 60
14 24
34 52
9 18
86 78
51 90
12 22
32 54
63 96
42 62
47 80
31 54
28 52
54 82
24 42
58 102
31 54
48 62
8 16
72 92
2 4
9 18
6 12
5 10
44 68
26 46
63 110
29 54
20 40
71 86
19 36
25 50
107 110
12 24
2 4
16 28
70 70
27 50
23 38
48 76
48 78
19 38
5 10
119 112
12 24
60 78
23 42
46 78
41 72
63 82
45 72
60 100
18 34
40 70
67 112
36 64
35 58
5 10
22 40
19 38
9 18
18 32
5 10
11 22
17 34
32 62
16 30
14 26
39 58
7 14
20 36
26 46
113 126
69 102
8 16
7 14
87 114
19 36
16 30
50 96
18 34
19 38
93 110
36 62
62 86
7 14
9 18
65 98
7 14
24 46
9 16
73 84
16 32
31 60
68 116
14 28
76 84
65 104
35 58
76 92
84 88
12 24
82 106
84 90
13 26
62 100
9 18
54 68
20 38
15 30
11 22
18 30
74 114
14 28
75 94
131 100
49 72
46 80
62 84
11 22
9 18
43 72
6 12
15 30
7 14
17 32
16 32
3 6
8 14
31 50
60 94
25 40
21 40
54 66
17 30
17 34
49 68
53 88
52 76
97 100
10 20
7 14
25 44
53 68
17 32
19 38
31 58
38 70
76 106
115 110
8 16
37 54
35 64
8 16
15 28
52 88
18 36
13 24
70 100
2 4
2 4
16 28
16 32
62 98
45 74
3 6
18 34
29 54
53 66
89 86
10 20
63 72
23 44
20 38
40 72
16 28
7 14
10 18
113 114
9 18
8 16
5 10
21 42
23 44
6 12
65 82
107 90
49 68
7 12
547 58
24 44
9 18
26 46
6 12
45 72
22 42
5 10
7 14
11 22
6 12
47 72
45 60
18 32
1 2
16 24
1 2
14 28
38 58
51 68
6 12
20 34
15 28
28 54
8 14
20 30
24 44
31 60
16 28
26 48
3 6
29 50
28 52
16 26
25 36
15 30
17 34
18 34
32 46
15 30
6 12
17 34
15 28
25 36
14 26
13 26
13 24
15 28
19 36
30 54
10 20
47 62
5 10
15 30
23 36
9 18
19 30
4 8
56 82
19 36
24 36
18 28
21 38
20 40
50 70
8 16
13 24
8 14
25 50
48 70
9 18
24 44
22 38
20 38
22 42
13 24
6 12
41 60
11 22
14 28
17 32
33 56
17 30
10 20
58 68
9 18
14 26
16 32
36 58
30 52
23 36
36 58
35 62
8 14
9 16
15 30
15 24
23 42
19 34
11 22
4 8
20 40
10 20
34 60
12 24
33 44
10 20
5 10
83 94
16 30
13 26
8 16
15 30
19 38
9 18
7 14
33 54
21 40
20 40
13 24
31 52
38 60
27 46
3 6
14 26
15 28
17 30
17 32
4 8
9 16
14 28
35 64
26 46
1 2
17 34
8 16
22 36
15 26
3 6
42 58
52 70
24 44
16 28
9 18
12 22
3 6
10 20
49 78
8 14
44 68
17 34
4 8
2 4
27 38
19 32
13 26
47 70
12 24
14 28
86 94
3 6
11 22
33 42
7 14
21 40
17 34
9 16
76 100
39 52
5 10
8 16
19 30
27 42
15 30
57 74
19 36
15 28
10 18
20 34
12 24
33 56
20 28
4 8
16 26
11 22
12 22
19 34
14 26
37 54
8 16
19 34
23 44
37 48
13 26
10 18
6 12
65 84
22 42
27 44
25 30
5 10
11 22
12 24
42 64
10 20
23 42
24 38
13 26
18 36
17 28
8 16
21 40
15 28
1 2
32 56
7 14
4 8
12 24
15 30
22 40
13 26
16 30
10 20
6 12
6 12
17 32
14 22
10 20
6 12
9 14
23 38
11 22
7 14
22 36
9 16
47 72
4 8
38 64
14 26
5 10
50 70
5 10
13 26
43 74
10 20
9 16
17 32
67 96
15 30
4 6
33 54
2 4
3 6
26 50
3 6
38 56
29 48
5 10
15 28
15 30
21 38
18 34
3 6
7 14
15 24
38 58
15 30
2 4
38 60
25 42
24 38
15 26
1 2
26 36
29 40
8 16
26 38
26 44
14 22
7 14
3 6
27 50
23 42
10 18
30 52
33 52
8 14
6 12
19 38
15 30
6 12
28 36
1 2
28 40
40 60
2 4
3 6
49 66
16 22
12 22
39 66
30 60
15 30
27 38
18 34
5 10
19 38
3 6
6 12
2 4
22 44
1 2
6 12
29 46
6 12
19 36
25 40
8 16
8 16
61 90
17 30
44 70
19 34
17 28
21 42
17 30
12 22
29 52
4 8
10 20
10 20
23 44
13 22
10 20
7 12
8 16
14 28
18 30
9 18
19 38
10 20
13 22
19 38
16 30
4 8
32 62
13 26
12 24
19 32
21 36
5 10
12 22
8 16
45 66
21 40
15 26
49 70
35 58
5 10
11 20
43 66
1 2
14 28
49 64
3 6
16 28
21 32
49 72
5 10
6 12
2 4
2 4
16 30
35 56
3 6
7 14
7 14
8 14
15 26
3 6
12 24
14 22
13 26
1 2
26 52
30 56
14 26
50 70
27 48
32 56
8 16
28 50
37 70
108 104
25 46
12 20
32 46
7 14
26 40
22 36
17 32
61 76
5 10
12 24
33 56
41 70
8 16
5 10
20 34
2 4
13 26
6 12
5 10
20 38
59 72
22 30
1 2
2 4
15 26
1 2
11 22
32 48
6 12
37 60
16 30
19 28
11 22
7 14
4 8
19 38
26 36
18 36
32 58
26 52
8 16
14 26
38 56
14 28
2 4
9 18
55 74
10 20
2 4
10 20
18 34
4 8
15 28
34 52
2 4
29 48
5 10
10 20
15 28
5 10
24 40
13 26
6 12
9 18
13 26
21 34
4 8
16 30
7 14
34 56
8 16
42 64
18 30
7 14
8 16
44 54
26 34
7 14
22 40
4 8
7 14
15 30
18 34
8 14
22 44
7 14
15 30
31 52
12 24
16 32
30 42
2 4
7 14
41 62
5 8
43 62
24 44
3 6
15 30
47 74
22 40
8 16
22 42
10 18
1 2
6 12
14 26
83 90
4 8
11 16
7 14
2 4
25 40
13 26
34 64
4 8
32 44
59 78
12 22
16 32
35 56
4 8
4 8
4 8
3 6
24 44
18 32
9 18
2 4
17 34
7 12
39 58
6 12
15 30
4 8
47 62
16 32
46 66
25 50
6 12
47 76
18 36
8 16
1 2
15 28
15 28
6 10
4 8
12 24
59 84
8 16
14 24
2 4
1 2
6 12
9 18
2 4
7 14
6 12
4 8
3 6
3 6
6 12
11 22
9 16
4 8
11 22
14 28
4 8
9 18
2 4
7 14
5 10
10 20
3 6
2 4
4 8
1 2
10 20
1 2
4 8
2 4
6 10
12 20
1 2
4 8
9 16
7 14
8 16
8 14
11 20
1 2
18 36
1 2
4 8
9 16
7 14
2 4
2 4
19 32
11 22
2 4
3 4
2 4
1 2
2 4
4 8
9 16
