347 52
17 34
10 20
17 28
10 20
13 24
6 12
20 38
8 14
57 60
10 18
1 2
1 2
31 40
15 28
1 2
9 16
13 20
1 2
16 30
15 24
65 70
11 20
17 26
16 28
69 74
68 60
5 10
13 22
13 26
17 30
23 34
6 12
2 4
5 8
2 4
11 20
1 2
9 18
15 28
44 62
24 36
2 4
1 2
6 12
12 22
5 10
2 4
22 42
4 8
11 22
7 14
2 4
31 48
8 14
17 24
78 56
15 30
12 24
19 34
8 16
3 6
26 42
6 12
7 14
12 24
15 18
76 68
9 18
10 18
2 4
3 6
24 38
10 16
1 2
14 24
3 6
6 12
9 18
12 20
23 40
3 6
34 58
7 14
13 24
14 28
6 12
13 24
20 36
8 16
2 4
8 16
21 32
8 16
22 36
6 10
9 18
3 6
49 48
13 26
9 18
19 28
6 12
16 28
32 44
14 28
8 16
1045 46
13 22
37 42
5 10
14 22
3 6
40 46
1 2
21 30
17 28
6 12
36 48
62 80
4 8
12 18
63 68
18 26
4 8
4 8
7 12
16 24
28 40
7 14
16 30
7 14
16 30
18 32
19 30
10 16
133 120
16 28
2 4
9 16
11 20
28 40
43 50
12 24
15 26
2 4
10 20
6 12
20 34
14 24
11 22
7 14
5 10
2 4
2 4
3 6
12 22
3 6
25 44
14 24
2 4
25 34
8 16
6 12
3 6
11 20
4 8
7 14
11 22
38 54
46 60
22 44
41 58
12 24
4 8
17 32
14 22
11 20
13 24
3 6
20 30
10 20
3 6
2 4
18 30
26 46
44 48
16 28
48 58
7 14
4 8
3 6
5 10
5 10
19 30
9 18
13 20
16 28
12 22
47 58
57 54
4 8
4 8
57 56
22 40
2 4
4 8
3 6
7 12
1 2
1 2
30 36
18 26
39 70
17 26
1 2
2 4
8 16
9 18
6 12
4 8
8 16
11 18
27 36
28 46
10 20
14 24
15 28
3 6
6 12
9 16
21 38
25 36
2 4
2 4
5 10
37 54
7 14
23 36
59 62
3 6
2 4
24 36
8 16
2 4
5 10
14 26
3 6
21 36
24 38
5 10
14 22
65 60
3 6
17 26
2 4
2 4
18 32
15 26
8 14
8 14
38 60
4 8
7 14
5 10
27 44
18 30
2 4
11 20
6 12
4 8
73 60
45 58
9 18
14 26
10 20
18 34
65 66
10 18
2 4
43 52
16 28
2 4
5 10
16 28
47 62
2 4
1 2
4 8
4 6
14 26
36 58
1 2
3 6
3 6
10 18
7 14
25 36
11 22
20 32
7 14
3 6
20 32
21 36
55 64
2 4
9 18
4 8
24 38
10 16
13 24
7 14
26 36
37 54
13 22
56 74
2 4
7 14
11 22
8 14
21 30
3 6
72 74
39 54
26 44
39 44
19 30
4 8
9 18
30 56
16 26
20 36
43 58
8 16
28 34
1 2
3 6
9 18
7 14
27 48
6 12
12 22
34 48
18 28
9 18
16 28
27 44
7 14
229 78
5 10
21 42
5 10
23 38
102 110
26 42
39 56
3 6
18 30
1 2
26 44
43 56
23 38
19 32
96 104
9 18
6 10
97 94
32 52
34 52
26 44
71 72
5 10
17 30
94 86
68 70
17 30
133 108
2 4
62 70
2 4
11 20
12 22
12 20
3 6
4 8
8 16
3 6
36 44
38 52
48 72
6 8
61 70
39 48
7 12
36 48
77 88
27 42
47 64
33 52
8 16
73 64
2 4
57 62
20 34
51 76
11 20
4 8
15 30
55 74
34 50
15 28
3 6
99 88
17 32
159 110
26 44
21 36
62 62
23 32
57 90
34 56
25 46
60 98
57 56
17 26
19 36
18 36
9 16
115 116
10 18
38 58
71 72
55 74
10 20
33 50
10 18
60 66
10 20
71 74
43 56
14 24
8 14
12 24
2 4
47 68
27 48
18 28
1 2
3 6
10 20
22 38
25 34
42 54
5 10
3 6
37 66
61 78
20 34
26 38
10 18
66 80
53 64
19 34
43 68
5 10
78 74
9 18
4 8
2 4
22 42
16 28
31 38
5 10
32 52
20 34
122 118
6 10
12 22
8 14
37 56
7 14
27 44
34 52
231 70
107 130
5 10
16 28
33 54
28 44
24 38
13 26
11 18
65 60
56 72
23 40
23 38
40 56
83 78
6 12
3 6
83 90
8 14
11 18
58 58
43 64
13 24
72 72
65 74
16 26
15 28
26 42
30 46
29 42
89 76
64 60
61 70
20 36
104 104
19 30
25 40
50 70
15 26
11 20
43 60
64 58
69 78
98 136
46 52
13 26
9 16
4 8
40 64
10 18
6 12
8 16
12 24
22 42
40 54
87 108
22 42
8 16
10 20
58 62
21 36
67 68
46 68
30 50
32 44
32 50
7 12
1 2
17 24
4 8
85 92
18 32
38 62
48 62
37 58
20 32
83 58
30 50
81 68
5 10
91 106
9 14
20 34
85 98
63 76
12 24
15 24
35 48
3 6
4 6
32 42
11 20
12 20
14 22
22 28
24 24
39 40
84 74
2 4
21 24
25 26
15 30
1 2
7 14
10 16
14 22
21 36
14 26
46 48
41 44
5 10
8 14
19 24
46 78
22 30
16 32
23 26
24 22
25 44
1 2
18 28
35 40
18 26
91 116
1 2
1 2
30 44
5 10
16 28
15 26
1 2
32 40
24 28
19 32
25 38
24 38
26 36
20 34
7 14
13 24
17 28
1 2
21 26
14 24
24 24
12 18
11 22
39 58
11 20
22 24
15 30
16 26
22 26
25 32
115 112
1 2
11 22
23 26
66 92
2 4
24 26
25 34
29 44
13 20
19 24
2 4
5 10
22 24
73 90
4 8
28 44
33 44
6 12
3 6
7 14
24 24
24 22
3 6
24 24
24 26
9 18
17 24
18 22
18 26
3 6
1 2
34 44
23 24
5 10
8 12
4 8
1 2
23 24
18 28
22 28
26 40
7 14
27 42
23 28
13 24
33 38
20 32
17 30
170 60
28 50
45 60
8 14
9 14
6 12
1 2
14 26
54 62
41 46
31 44
52 76
68 72
2 4
7 12
21 38
8 14
43 54
5 10
69 64
18 28
10 18
29 48
17 26
8 16
20 30
13 20
71 78
14 26
10 18
12 22
4 8
30 52
64 74
18 32
5 10
14 24
12 24
47 58
8 14
36 46
26 46
38 52
13 16
15 28
26 40
14 24
8 14
23 42
5 10
14 26
16 32
25 42
29 46
8 16
17 32
12 22
3 6
2 4
57 64
9 16
57 70
19 32
2 4
2 4
12 20
38 52
13 24
30 54
19 36
10 20
4 8
20 34
10 20
30 44
8 16
13 24
14 26
28 44
14 26
35 50
8 14
14 28
15 26
27 46
15 28
18 32
36 46
37 44
2 4
9 16
18 28
16 30
18 28
34 50
52 60
13 26
18 34
40 56
3 6
9 18
29 50
4 8
13 20
4 8
7 14
23 38
20 32
14 24
18 28
7 14
26 42
7 14
12 24
37 48
1 2
5 10
20 36
16 24
66 70
15 26
20 36
9 18
18 30
32 46
9 18
8 16
10 18
26 40
39 54
9 16
24 44
16 28
37 56
38 56
9 18
15 26
56 62
58 72
6 10
11 22
45 52
79 72
34 54
55 70
15 30
4 8
15 26
43 52
20 32
12 20
13 26
22 32
15 24
27 40
2 4
37 56
13 20
14 28
23 40
6 12
27 44
21 38
30 52
10 18
4 8
4 8
44 52
3 6
4 8
39 56
12 22
5 10
2 4
2 4
10 16
24 38
11 12
5 10
4 8
5 10
8 16
4 8
7 12
7 12
7 14
7 14
6 12
7 14
1 2
11 14
4 8
10 12
6 10
8 16
7 14
8 14
1 2
4 8
9 16
8 12
6 12
9 14
13 20
7 14
1 2
1 2
4 6
4 8
6 12
126 82
66 95
38 44
3 6
13 24
34 36
46 50
34 38
3 6
17 32
78 100
13 22
32 48
12 24
5 10
1 2
9 18
44 76
16 30
35 52
147 126
130 98
1 2
29 38
13 24
106 105
30 56
8 16
45 64
167 134
21 38
75 96
9 18
5 10
52 62
15 28
63 80
25 38
82 80
7 14
37 48
7 14
29 34
17 32
17 28
54 72
65 50
12 24
37 52
4 8
166 105
115 105
38 50
23 38
10 16
20 38
84 71
109 111
55 64
10 20
10 18
65 72
24 34
46 72
103 119
13 26
27 50
33 34
26 44
16 28
115 109
107 117
40 74
32 48
15 26
34 46
21 33
18 32
11 20
54 48
24 40
26 42
104 112
10 14
128 113
47 58
68 101
62 71
42 36
7 12
11 20
6 12
41 50
35 52
29 52
19 38
31 38
154 110
27 44
66 94
4 8
96 91
9 18
77 86
16 30
39 58
4 8
95 112
120 110
14 26
142 132
16 32
8 16
57 72
36 56
32 48
32 54
12 24
99 72
36 48
9 16
149 120
51 46
58 66
58 52
61 68
4 8
9 18
85 100
29 54
80 101
3 6
67 85
79 99
11 22
4 8
79 60
17 30
3 6
26 42
58 58
37 58
5 10
27 45
67 93
48 66
15 24
12 24
28 46
12 24
3 6
65 84
106 112
82 96
11 22
46 70
63 84
8 16
54 76
14 26
65 81
5 10
7 14
165 106
51 70
10 20
22 42
22 33
27 44
2 4
68 62
76 64
49 80
21 33
78 86
3 6
26 42
10 20
63 101
80 96
142 110
15 30
183 98
123 87
60 68
30 50
57 60
106 114
15 26
66 80
205 152
7 14
14 28
14 24
13 22
20 36
50 79
9 18
11 22
24 44
1 2
36 34
23 36
56 44
64 62
123 131
51 46
8 16
109 76
4 8
27 42
141 119
43 50
38 52
70 108
9 18
54 62
47 58
38 60
36 46
29 42
122 99
35 34
1 2
51 62
24 38
49 56
71 112
130 129
117 114
198 121
21 38
98 104
60 50
66 92
32 56
142 118
6 12
11 22
68 92
33 44
29 44
14 24
24 40
9 16
18 32
33 48
14 28
21 32
1 2
147 123
5 10
65 74
102 99
14 26
6 12
17 26
139 118
9 18
45 66
99 125
5 10
66 70
61 76
88 101
19 34
8 16
100 97
27 44
26 48
57 64
28 46
6 12
19 30
36 62
24 42
113 104
115 121
18 30
132 138
2 4
15 28
13 24
45 50
45 80
89 86
66 91
34 50
158 113
156 102
17 28
20 30
32 48
38 66
39 58
110 104
97 80
9 18
4 8
49 66
26 52
15 30
83 78
217 92
4 8
58 73
9 18
8 14
107 74
102 101
1 2
72 81
3 6
76 92
40 54
173 124
26 44
20 34
114 122
43 64
36 32
47 84
11 16
54 77
9 18
71 90
142 118
22 40
2 4
30 44
35 52
84 74
23 38
47 64
125 106
74 80
29 44
2 4
15 30
107 74
43 62
60 70
152 124
9 18
7 14
20 38
93 86
112 99
12 22
40 42
35 58
24 46
8 16
15 26
137 119
12 24
3 6
3 6
6 12
124 105
135 105
55 60
42 60
47 68
38 44
68 60
2 4
6 12
5 10
31 50
13 26
120 109
11 22
126 103
2 4
96 93
84 116
64 80
25 42
57 68
2 4
124 82
36 60
44 60
76 90
41 56
68 60
32 58
60 70
55 71
23 42
66 87
92 92
85 96
87 105
113 115
55 70
48 73
22 37
5 10
25 46
6 12
71 60
31 46
31 40
6 12
107 97
48 68
38 58
104 121
26 38
31 48
20 36
43 52
27 40
24 44
80 93
34 40
26 34
44 46
32 40
21 42
41 56
27 38
64 52
25 46
90 64
77 99
40 46
18 30
2 4
49 88
20 36
136 122
122 110
146 135
42 60
33 38
100 132
128 114
55 76
36 60
68 80
100 88
63 86
123 111
10 18
37 70
91 92
97 66
5 10
74 82
37 50
42 52
33 52
67 82
234 105
3 6
5 10
37 46
20 32
31 52
77 54
84 104
37 60
137 146
3 6
21 28
12 20
42 58
66 84
166 106
10 20
53 84
112 101
37 46
7 14
73 68
42 52
74 84
182 106
190 105
32 32
51 56
85 107
27 40
41 42
4 8
12 24
15 30
1 2
9 18
84 99
46 68
193 98
175 96
37 56
53 83
2 4
2 4
54 44
16 28
44 72
178 105
22 38
12 24
74 95
9 16
50 60
50 84
31 42
37 54
34 58
106 126
21 36
10 20
22 38
60 64
8 16
30 40
111 98
5 10
21 38
24 42
148 108
24 34
14 26
61 60
19 34
34 58
64 66
66 80
29 48
38 56
2 4
220 112
55 64
23 36
15 30
56 94
30 58
56 96
34 48
21 32
28 52
16 30
5 10
9 18
32 52
9 16
36 52
142 101
52 66
90 112
23 38
31 42
34 36
28 48
52 48
5 10
132 115
62 80
33 58
102 68
46 71
8 16
84 58
10 20
26 46
108 106
1 2
124 110
31 34
57 82
71 92
169 126
90 88
54 88
4 8
72 76
5 10
9 16
17 32
84 64
93 128
17 30
49 72
96 100
22 40
47 78
5 10
63 92
135 112
22 38
9 18
125 103
13 24
26 36
26 44
67 60
48 66
29 56
6 12
12 20
29 52
18 32
70 76
28 46
58 68
59 96
8 16
37 58
33 38
131 104
4 8
30 50
34 46
52 77
35 46
69 78
159 93
36 52
14 28
33 54
117 117
6 10
156 106
69 117
41 63
57 68
22 38
12 24
70 106
42 68
105 101
22 42
39 62
35 38
33 52
64 77
82 92
19 34
72 112
79 90
69 108
33 46
55 86
33 52
15 30
43 74
3 4
122 107
38 40
49 76
38 50
171 118
7 14
37 64
160 113
35 54
25 40
151 103
2 4
186 114
1 2
25 46
10 18
112 105
16 30
44 66
20 34
33 50
29 30
48 68
124 125
60 83
43 64
89 84
67 68
20 38
66 64
170 84
36 52
5 10
83 102
1 2
41 38
97 66
211 131
20 38
3 6
53 60
23 42
205 94
88 122
95 92
25 34
32 50
16 30
39 48
77 56
112 96
136 128
11 22
117 112
32 32
12 24
145 80
148 119
90 107
31 52
5 10
117 103
92 95
179 114
72 68
190 103
182 110
71 87
24 40
50 58
117 99
24 46
114 109
128 138
189 112
177 114
100 99
35 54
25 38
37 62
3 6
82 76
22 24
67 74
9 18
79 97
23 30
38 52
34 48
77 64
99 104
34 46
78 106
8 16
14 28
28 54
100 97
69 92
56 60
18 34
50 70
25 26
35 58
21 38
4 6
81 102
74 92
7 14
56 62
34 62
5 10
19 36
82 80
24 42
80 70
146 114
235 108
6 10
127 116
36 66
27 50
122 111
137 113
11 20
32 52
25 42
40 52
25 42
117 118
16 30
36 50
18 34
27 46
61 70
25 40
38 54
123 116
792 16
93 105
35 52
43 56
95 126
124 109
2 4
60 64
50 64
3 6
34 54
30 40
12 24
8 16
19 34
42 52
17 34
7 14
45 76
70 92
25 44
27 40
42 62
185 110
10 20
62 80
15 26
5 10
105 101
4 8
187 100
65 64
60 74
139 111
155 143
19 36
49 64
115 92
56 84
49 71
59 72
51 82
21 40
32 58
32 50
80 62
226 110
8 16
48 50
38 40
49 68
109 111
156 122
79 92
26 42
14 28
37 44
104 116
79 56
26 46
37 58
19 38
202 89
22 26
13 24
13 26
126 93
50 42
115 93
82 91
57 85
2 4
16 24
131 116
27 52
6 10
3 6
121 118
4 8
32 48
25 38
66 91
40 52
36 50
209 110
25 48
47 60
20 40
61 87
23 38
40 74
8 12
5 10
5 10
38 56
22 42
20 34
26 48
67 97
121 82
17 28
30 54
97 76
38 48
10 20
103 118
38 60
131 116
6 12
145 106
57 96
89 106
71 93
5 10
34 32
152 103
245 88
23 34
12 22
25 40
195 118
22 40
32 52
51 78
14 26
113 105
102 118
63 79
44 40
156 113
10 20
24 36
131 126
15 28
30 54
88 100
67 56
27 52
12 22
127 95
58 66
29 42
102 117
201 111
56 68
16 28
16 32
42 70
46 66
191 99
1 2
182 124
25 50
38 34
6 12
165 118
10 18
49 58
119 92
40 61
70 68
101 132
38 62
26 44
36 46
119 108
29 48
42 70
22 42
12 24
2 4
6 12
4 8
73 74
29 44
46 56
17 32
99 108
54 48
49 78
107 128
8 12
31 50
123 114
121 102
15 26
23 38
82 58
50 60
41 50
13 26
28 44
56 76
64 86
35 46
150 132
32 34
53 84
51 62
18 30
32 46
28 48
105 110
11 22
254 98
15 26
6 12
71 96
12 22
83 72
63 62
37 36
9 14
36 66
101 92
79 80
26 45
14 28
130 96
40 60
30 42
11 22
22 28
30 42
10 18
41 70
31 52
39 70
755 46
19 34
47 44
11 22
79 86
190 58
161 84
55 48
123 86
40 58
15 30
56 82
6 12
125 92
134 122
55 52
23 30
151 76
13 26
39 54
95 64
11 22
12 24
50 56
22 40
4 8
189 58
79 88
93 92
223 102
39 60
192 66
29 50
146 72
191 54
120 84
108 82
8 14
12 22
64 58
17 30
123 90
93 104
92 74
8 16
39 44
34 38
120 106
43 62
7 14
187 56
86 84
96 112
20 38
172 86
2 4
35 52
4 8
72 88
176 74
70 68
65 70
7 12
36 58
39 56
9 18
15 28
176 80
57 62
55 58
19 34
199 72
178 80
224 80
153 90
36 60
24 42
87 88
20 34
49 46
15 22
203 52
64 76
63 54
4 8
135 84
54 52
34 34
33 48
60 46
85 100
48 52
50 56
155 76
52 52
171 102
7 14
45 52
84 72
40 38
15 24
9 18
10 20
5 10
18 26
7 14
55 56
19 32
158 82
31 48
50 54
25 46
53 50
30 48
96 110
44 52
106 84
34 58
187 52
53 66
147 76
173 68
8 16
30 54
21 42
173 92
123 96
112 76
152 100
8 16
96 92
174 68
25 46
176 62
123 92
205 120
17 28
37 52
23 32
9 16
106 78
115 84
163 76
73 74
115 114
42 66
76 94
193 38
106 112
48 52
76 88
141 94
186 66
26 50
9 18
33 54
141 76
168 82
13 24
123 76
129 82
195 46
162 68
48 48
17 26
126 82
204 40
1 2
9 18
172 88
18 32
147 94
141 114
30 52
136 80
156 70
198 56
23 40
189 48
34 54
43 74
177 64
7 14
154 82
21 32
38 42
117 94
16 32
6 12
71 70
132 92
184 68
181 56
11 22
4 8
37 64
164 64
135 86
43 54
184 70
160 78
10 16
15 26
136 82
65 74
142 120
188 46
15 24
23 40
158 76
146 86
203 46
169 62
121 96
54 80
112 96
92 118
38 58
11 22
198 54
94 86
159 88
85 86
88 74
74 90
49 72
138 80
178 56
171 74
24 42
221 76
102 102
78 84
43 76
24 44
41 62
90 82
128 96
192 52
86 84
18 36
139 70
160 70
41 64
27 52
39 52
10 20
48 46
24 42
82 76
15 28
31 58
92 92
128 92
9 18
5 10
3 6
109 94
18 28
66 52
193 64
30 48
120 84
8 16
117 98
11 18
3 6
94 88
114 94
17 32
8 16
134 74
186 68
17 34
18 30
148 62
194 58
113 102
168 70
88 70
41 48
14 26
109 80
1 2
110 82
22 38
55 74
175 88
173 74
190 50
49 48
100 86
4 8
14 26
210 38
22 40
22 40
36 60
98 90
54 78
140 84
103 94
27 50
58 78
133 86
13 22
205 44
5 10
195 50
41 52
46 52
116 100
129 86
42 46
51 84
7 14
32 46
207 58
5 10
36 60
71 104
222 64
29 44
70 76
37 60
124 94
13 24
44 70
201 54
119 68
40 70
59 66
200 44
7 14
95 80
122 104
18 30
19 34
109 88
9 18
10 14
157 80
90 96
10 18
7 14
155 74
49 78
55 76
20 36
129 86
14 24
7 14
75 98
11 22
234 66
83 94
130 122
1 2
15 22
180 72
29 48
91 88
35 42
185 60
154 86
16 28
174 86
129 80
59 68
9 18
154 86
161 94
56 50
55 90
24 36
68 74
21 42
160 90
184 54
17 34
142 78
54 72
122 84
23 44
34 62
38 54
17 34
155 66
122 136
10 20
123 96
29 44
66 88
16 28
113 96
141 80
156 64
199 62
23 42
51 80
16 28
85 86
19 34
73 78
10 20
36 64
37 64
122 100
16 28
7 14
46 84
183 70
197 68
79 98
180 54
125 92
166 100
124 88
48 68
190 60
103 84
160 98
139 102
34 58
150 80
35 46
109 74
182 74
198 48
26 50
28 46
79 80
121 102
52 80
36 40
291 104
151 78
18 30
28 50
110 74
168 58
86 88
177 58
30 56
172 60
13 26
6 12
147 72
12 22
45 64
25 40
167 66
65 44
55 48
36 62
50 80
79 98
197 42
158 76
36 54
105 74
12 24
168 56
6 12
179 72
94 90
50 48
36 54
3 6
176 66
2 4
24 42
188 74
57 86
139 78
50 72
6 12
28 48
49 50
72 104
92 100
32 50
95 86
179 76
69 70
35 56
108 104
77 102
19 32
21 38
15 28
17 30
170 90
20 38
36 62
89 90
153 78
178 68
207 52
32 52
31 52
17 32
183 54
41 46
37 50
70 86
117 88
109 106
81 78
8 14
5 10
165 80
11 22
36 56
18 34
25 46
191 76
86 110
146 80
5 10
28 36
147 82
91 88
27 36
94 94
5 10
68 76
10 18
34 56
4 8
3 6
23 44
16 28
70 74
161 84
49 56
33 52
46 72
12 20
109 92
10 20
14 26
16 30
16 30
8 16
1 2
99 82
46 62
169 72
124 80
96 112
126 62
202 38
60 72
11 20
130 88
177 134
135 78
1 2
132 66
77 90
49 72
26 42
97 82
36 60
113 108
93 120
46 48
27 48
3 6
160 82
3 6
126 98
137 100
18 32
9 18
39 58
108 94
15 28
121 84
178 64
6 12
39 48
145 104
22 40
25 40
94 102
93 110
181 62
76 96
43 76
16 28
151 88
5 10
124 106
201 52
98 78
134 90
138 84
140 76
105 124
15 26
9 18
13 22
88 96
6 12
48 76
35 52
165 68
141 82
14 26
17 32
13 26
35 56
191 78
4 8
7 14
36 56
29 50
23 38
106 80
99 92
18 30
11 22
63 82
95 76
56 54
140 80
31 58
2 4
196 76
294 112
30 46
9 18
144 94
54 80
8 16
161 58
162 68
158 86
112 94
173 68
93 96
135 74
131 98
31 56
22 34
165 68
201 72
155 86
14 28
110 94
188 58
4 8
26 44
116 80
11 22
1 2
21 40
30 50
19 36
152 76
103 108
141 106
45 70
20 38
164 64
116 84
6 12
24 46
101 74
46 36
15 24
40 50
187 52
19 32
91 86
79 66
197 58
96 92
125 92
185 48
94 102
3 6
1 2
105 84
164 58
14 26
182 82
190 54
198 54
68 78
196 54
17 32
75 88
195 48
99 98
49 66
51 80
207 66
28 48
31 52
17 30
185 62
100 78
114 96
23 42
164 72
55 44
6 12
21 38
130 94
188 60
186 60
34 46
41 50
28 46
127 88
173 72
116 92
7 14
41 50
5 10
20 36
38 44
35 56
166 66
37 48
56 56
19 36
127 116
100 76
27 50
54 46
135 104
48 50
48 52
122 72
18 30
7 14
49 46
72 76
151 70
168 52
16 30
52 46
36 46
58 68
38 46
99 70
37 56
26 46
83 78
50 78
61 76
20 38
34 60
97 68
19 28
6 12
37 52
29 56
70 64
38 66
83 74
15 28
9 16
93 68
53 72
45 64
16 30
78 80
28 42
12 24
24 44
21 32
11 22
67 66
31 58
3 6
5 10
18 34
93 66
11 20
19 38
16 30
69 62
13 20
15 28
26 36
24 48
18 28
2 4
27 46
67 86
15 24
34 48
12 24
13 26
31 50
44 66
31 50
3 6
32 58
95 92
54 56
37 58
100 84
49 64
6 12
3 6
12 22
70 80
8 16
17 30
13 26
38 54
63 72
89 84
29 38
8 16
24 42
26 50
19 36
5 10
21 42
83 80
31 52
2 4
57 66
116 80
51 60
13 26
33 54
15 28
13 22
75 88
53 72
85 74
35 64
7 14
52 68
122 76
89 74
45 46
83 58
46 64
22 42
11 20
28 50
21 42
63 74
25 44
47 54
13 22
6 10
28 48
12 22
41 42
14 26
34 64
57 58
6 12
27 48
6 12
83 66
95 90
19 30
59 94
66 90
98 90
33 60
28 54
44 72
102 84
49 76
2 4
19 36
9 18
12 24
3 6
99 76
19 34
24 46
60 68
27 42
3 6
8 16
82 66
10 18
10 20
22 44
9 16
8 16
50 74
22 34
3 6
19 36
58 72
7 14
25 48
27 50
2 4
57 58
11 18
5 10
16 30
24 44
15 26
13 26
14 26
38 50
6 10
20 38
10 18
75 74
78 72
28 38
22 36
18 32
30 54
82 82
9 18
44 72
31 54
14 28
4 8
137 70
33 50
31 60
1 2
29 36
29 54
26 46
27 44
12 24
21 42
81 66
33 44
22 34
11 22
62 64
36 62
4 8
18 34
2 4
17 32
20 36
3 4
11 20
71 70
104 104
75 74
39 52
78 76
80 74
21 42
70 82
22 42
42 66
76 64
73 76
47 62
52 66
14 28
104 82
11 20
16 26
66 78
45 70
10 20
15 28
6 12
4 8
10 18
40 56
15 24
19 30
88 76
22 42
29 44
8 16
61 86
9 16
50 70
54 76
8 16
6 12
11 20
77 82
7 12
8 14
72 108
74 74
92 70
32 52
27 40
77 82
83 72
69 66
61 76
75 84
41 68
91 90
87 70
18 30
20 26
70 74
74 74
40 68
3 6
16 32
40 66
79 72
10 20
92 74
86 92
48 62
8 14
53 82
40 56
14 26
20 34
12 24
60 82
63 68
20 38
69 68
64 76
11 22
10 18
82 74
106 74
54 62
59 98
17 28
21 40
20 38
48 78
102 60
3 6
34 48
13 26
44 66
96 76
14 26
42 76
17 28
92 74
11 22
19 34
4 8
18 34
17 32
107 90
22 40
13 24
71 76
44 40
4 8
17 24
73 68
59 74
3 6
41 64
33 46
25 44
18 34
5 10
23 32
15 22
17 32
24 42
60 64
100 72
27 40
63 78
58 68
13 26
61 64
72 88
56 64
65 68
15 28
39 70
14 26
3 6
30 56
91 78
35 54
72 98
4 8
53 70
43 74
2 4
24 44
16 26
19 36
32 58
42 70
11 22
24 42
43 58
10 20
29 52
70 98
30 42
70 90
37 60
50 52
80 80
35 54
14 28
54 74
96 76
66 104
12 24
52 56
8 16
1 2
22 36
88 76
43 80
90 78
38 64
3 6
88 98
22 32
51 60
27 42
20 36
17 32
6 12
8 16
37 62
50 56
15 24
76 76
16 28
101 94
50 74
10 20
83 82
6 12
78 74
17 32
15 28
5 10
78 88
14 28
32 60
11 20
64 64
53 56
14 28
13 26
16 24
16 32
62 66
1 2
46 76
62 76
6 12
23 38
86 96
55 76
99 66
39 54
28 48
25 48
116 84
10 20
76 74
52 68
37 52
51 62
10 20
52 76
108 86
6 10
11 22
16 26
7 14
15 30
76 74
41 72
65 60
10 20
34 58
122 74
49 44
20 32
83 80
12 22
62 74
51 86
63 54
18 30
17 32
52 78
12 22
68 86
46 64
61 80
103 82
63 96
44 76
69 78
71 70
4 8
9 18
33 50
30 58
2 4
8 14
6 12
10 18
35 58
13 26
8 14
84 58
10 20
2 4
35 50
62 96
49 72
19 36
21 38
71 98
11 20
56 70
4 8
16 32
69 66
61 66
5 10
30 58
66 74
89 86
14 26
85 92
11 22
91 106
12 24
13 24
15 28
52 72
7 14
30 52
6 12
57 72
23 38
10 18
7 14
38 50
17 32
48 62
61 60
25 40
19 38
72 72
18 34
74 70
6 10
27 40
41 62
25 40
68 80
8 16
8 14
68 82
1 2
61 92
80 90
23 40
34 42
51 82
19 36
12 24
40 72
16 30
27 44
17 30
72 72
40 64
8 14
86 102
22 42
11 22
92 76
11 22
31 48
47 68
15 28
51 66
41 56
15 30
24 40
14 28
25 42
35 54
36 60
63 98
25 50
7 12
6 12
9 18
39 62
54 70
26 46
15 26
23 38
55 66
28 42
79 62
5 10
36 58
14 28
1 2
28 42
105 74
63 80
33 48
8 16
21 32
28 56
41 56
62 56
66 84
19 30
15 30
27 42
14 26
14 26
14 28
66 56
31 60
14 26
34 44
9 16
86 62
51 80
12 22
32 52
63 82
42 60
47 62
31 54
28 48
54 66
24 38
58 88
31 38
48 54
8 16
72 86
2 4
9 18
6 12
5 10
44 70
26 40
63 94
29 52
20 38
71 78
19 34
25 50
107 84
12 20
2 4
16 24
70 62
27 40
23 44
48 76
48 70
19 32
5 10
119 102
12 22
60 58
23 46
46 60
41 62
63 64
45 68
60 82
18 36
40 60
67 104
36 62
35 58
5 10
22 38
19 38
9 18
18 28
5 10
11 20
17 26
32 58
16 24
14 24
39 58
7 14
20 28
26 50
113 86
69 88
8 14
7 12
87 94
19 32
16 30
50 86
18 36
19 36
93 104
36 66
62 80
7 14
9 18
65 74
7 14
24 46
9 16
73 90
16 32
31 58
68 102
14 26
76 72
65 80
35 60
76 76
84 74
12 24
82 98
84 84
13 24
62 92
9 18
54 60
20 24
15 28
11 18
18 30
74 104
14 26
75 88
131 48
49 62
46 78
62 78
11 18
9 18
43 50
6 12
15 26
7 12
17 32
16 32
3 6
8 16
31 44
60 64
25 38
21 40
54 54
17 26
17 30
49 58
53 78
52 72
97 88
10 18
7 14
25 42
53 60
17 34
19 36
31 52
38 62
76 88
115 98
8 16
37 42
35 60
8 16
15 28
52 88
18 34
13 22
70 84
2 4
2 4
16 30
16 28
62 90
45 60
3 6
18 32
29 48
53 50
89 80
10 20
63 70
23 34
20 34
40 54
16 26
7 14
10 20
113 96
9 16
8 16
5 10
21 34
23 46
6 12
65 72
107 70
49 56
7 14
547 32
24 36
9 14
26 42
6 12
45 58
22 32
5 8
7 14
11 22
6 10
47 58
45 58
18 28
1 2
16 32
1 2
14 26
38 50
51 68
6 12
20 32
15 26
28 44
8 16
20 38
24 30
31 42
16 28
26 38
3 6
29 50
28 38
16 32
25 42
15 28
17 30
18 26
32 46
15 26
6 12
17 30
15 26
25 42
14 24
13 26
13 22
15 24
19 32
30 34
10 20
47 50
5 10
15 30
23 34
9 16
19 34
4 8
56 76
19 36
24 42
18 30
21 38
20 32
50 56
8 14
13 22
8 16
25 44
48 56
9 18
24 46
22 28
20 30
22 40
13 26
6 12
41 54
11 22
14 26
17 30
33 42
17 32
10 18
58 66
9 18
14 24
16 28
36 62
30 52
23 42
36 46
35 48
8 16
9 18
15 28
15 28
23 44
19 38
11 20
4 8
20 32
10 16
34 52
12 24
33 56
10 18
5 10
83 60
16 28
13 22
8 16
15 28
19 34
9 18
7 14
33 46
21 30
20 40
13 24
31 40
38 46
27 46
3 6
14 26
15 26
17 28
17 30
4 8
9 18
14 24
35 52
26 38
1 2
17 30
8 14
22 42
15 28
3 6
42 54
52 68
24 34
16 28
9 18
12 24
3 6
10 20
49 62
8 16
44 64
17 28
4 8
2 4
27 44
19 28
13 24
47 58
12 24
14 22
86 66
3 6
11 22
33 50
7 14
21 36
17 28
9 18
76 82
39 56
5 10
8 16
19 32
27 38
15 28
57 62
19 38
15 28
10 18
20 32
12 20
33 54
20 30
4 8
16 24
11 18
12 20
19 26
14 28
37 48
8 14
19 34
23 38
37 44
13 24
10 20
6 12
65 74
22 26
27 46
25 40
5 10
11 20
12 24
42 60
10 20
23 34
24 40
13 26
18 32
17 26
8 16
21 34
15 26
1 2
32 48
7 14
4 6
12 24
15 26
22 38
13 24
16 26
10 20
6 12
6 12
17 30
14 22
10 20
6 12
9 16
23 34
11 20
7 14
22 36
9 18
47 74
4 8
38 66
14 28
5 10
50 76
5 10
13 24
43 52
10 20
9 18
17 32
67 78
15 28
4 8
33 44
2 4
3 6
26 48
3 6
38 48
29 44
5 10
15 26
15 26
21 30
18 34
3 6
7 14
15 26
38 54
15 24
2 4
38 58
25 38
24 32
15 26
1 2
26 42
29 44
8 16
26 44
26 40
14 22
7 12
3 6
27 42
23 40
10 20
30 44
33 44
8 16
6 12
19 32
15 24
6 12
28 44
1 2
28 40
40 56
2 4
3 6
49 70
16 26
12 14
39 60
30 42
15 30
27 42
18 32
5 10
19 30
3 6
6 12
2 4
22 40
1 2
6 10
29 44
6 10
19 30
25 34
8 16
8 16
61 78
17 30
44 62
19 34
17 34
21 28
17 26
12 22
29 50
4 8
10 20
10 20
23 32
13 26
10 20
7 14
8 16
14 26
18 32
9 16
19 32
10 18
13 26
19 38
16 26
4 8
32 50
13 24
12 22
19 32
21 30
5 10
12 20
8 16
45 54
21 38
15 30
49 50
35 46
5 10
11 20
43 54
1 2
14 26
49 68
3 6
16 30
21 38
49 58
5 10
6 10
2 4
2 4
16 32
35 48
3 6
7 14
7 14
8 16
15 26
3 6
12 20
14 24
13 24
1 2
26 46
30 36
14 28
50 58
27 46
32 40
8 16
28 42
37 44
108 82
25 42
12 24
32 38
7 14
26 44
22 42
17 30
61 74
5 10
12 22
33 52
41 62
8 16
5 10
20 36
2 4
13 24
6 12
5 10
20 36
59 66
22 40
1 2
2 4
15 26
1 2
11 22
32 44
6 12
37 48
16 28
19 26
11 20
7 14
4 8
19 32
26 40
18 28
32 46
26 40
8 14
14 24
38 54
14 24
2 4
9 18
55 76
10 18
2 4
10 20
18 32
4 8
15 26
34 52
2 4
29 48
5 10
10 18
15 26
5 10
24 44
13 22
6 12
9 16
13 24
21 34
4 8
16 26
7 14
34 44
8 16
42 62
18 32
7 14
8 14
44 42
26 40
7 14
22 32
4 8
7 14
15 26
18 30
8 16
22 32
7 14
15 28
31 50
12 24
16 28
30 48
2 4
7 12
41 40
5 10
43 50
24 46
3 6
15 26
47 62
22 44
8 12
22 34
10 20
1 2
6 12
14 28
83 70
4 8
11 20
7 14
2 4
25 40
13 24
34 44
4 8
32 36
59 72
12 22
16 30
35 46
4 8
4 8
4 8
3 6
24 32
18 32
9 16
2 4
17 28
7 14
39 56
6 12
15 30
4 8
47 64
16 28
46 60
25 36
6 12
47 64
18 26
8 14
1 2
15 30
15 28
6 12
4 8
12 24
59 40
8 16
14 24
2 4
1 2
6 12
9 18
2 4
7 14
6 12
4 8
3 6
3 6
6 12
11 20
9 18
4 8
11 20
14 24
4 8
9 18
2 4
7 12
5 10
10 18
3 6
2 4
4 8
1 2
10 20
1 2
4 8
2 4
6 12
12 22
1 2
4 8
9 18
7 14
8 12
8 16
11 22
1 2
18 28
1 2
4 8
9 18
7 14
2 4
2 4
19 34
11 22
2 4
3 6
2 4
1 2
2 4
4 8
9 18
